2014-11-03	102110	0	0	0	0	98	98	1848	0	10	5	0	0	0
2014-11-03	107857	0	0	0	0	118	118	1848	0	12	7	0	0	0
2014-11-03	133136	0	0	0	0	98	98	1848	0	8	3	0	0	0
2014-11-03	201509	0	0	0	0	126	126	1848	0	0	0	0	0	0
2014-11-03	226601	0	0	0	0	78	78	1848	0	6	1	0	0	0
2014-11-03	247337	0	0	0	0	128	128	1848	0	13	8	0	0	0
2014-11-03	247825	0	0	4	0	99	99	1848	0	7	2	0	0	0
2014-11-03	251961	0	0	0	0	88	88	1848	0	10	5	0	0	0
2014-11-03	257577	0	0	0	0	88	88	1848	0	8	3	0	0	0
2014-11-03	264602	0	0	1	0	98	98	1848	0	8	3	0	0	0
2014-11-03	266953	0	0	0	0	168	168	1848	0	8	3	0	0	0
2014-11-03	268788	0	0	0	0	129	129	1848	0	6	1	0	0	0
2014-11-03	270244	0	0	0	0	78	78	1848	0	6	1	0	0	0
2014-11-03	270245	0	0	0	0	98	98	1848	0	7	2	0	0	0
2014-11-03	273165	0	0	0	0	88	88	1848	0	7	2	0	0	0
2014-11-03	304104	0	0	0	0	148	148	1848	0	15	10	0	0	0
2014-11-03	305806	0	0	0	0	70	70	1848	0	7	2	0	0	0
2014-11-03	334306	0	0	0	0	128	128	1848	0	9	4	0	0	0
2014-11-03	334313	0	0	0	0	138	138	1848	0	10	5	0	0	0
2014-11-03	338691	0	0	0	0	88	88	1848	0	10	5	0	0	0
2014-11-03	348141	0	0	0	0	138	138	1848	0	14	9	0	0	0
2014-11-03	350314	0	0	0	0	118	118	1848	0	12	7	0	0	0
2014-11-03	353086	0	0	0	0	229	229	1848	0	23	18	0	0	0
2014-11-03	353365	0	0	0	0	89	89	1848	0	8	3	0	0	0
2014-11-03	354164	0	0	0	0	99	99	1848	0	1	-4	0	0	0
2014-11-03	354792	0	0	0	0	80	80	1848	0	6	1	0	0	0
2014-11-03	359088	0	0	0	0	179	179	1848	0	14	9	0	0	0
2014-11-03	360230	0	0	0	0	98	98	1848	0	0	0	0	0	0
2014-11-03	364308	0	0	0	0	99	138	1848	0	7	2	0	0	0
2014-11-03	364692	0	0	0	0	68	68	1848	0	6.8	1.8	0	0	0
2014-11-03	366805	0	0	0	0	119	119	1848	0	11	6	0	0	0
2014-11-03	367570	0	0	0	0	268	268	1848	0	13.4	8.4	0	0	0
2014-11-03	367618	0	0	0	0	298	298	1848	0	14.9	9.9	0	0	0
2014-11-03	367695	0	0	0	0	480	480	1848	0	24	19	0	0	0
2014-11-03	368228	0	0	0	0	118	118	1848	0	12	7	0	0	0
2014-11-03	369067	0	0	0	0	99	99	1848	0	0	-5	0	0	0
2014-11-03	369279	0	0	0	0	148	148	1848	0	8	3	0	0	0
2014-11-03	369287	0	0	0	0	168	168	1848	0	8	3	0	0	0
2014-11-03	370298	0	0	0	0	128	128	1848	0	13	8	0	0	0
2014-11-03	371853	0	0	0	0	138	138	1848	0	13	8	0	0	0
2014-11-03	373041	0	0	0	0	88	88	1848	0	7	2	0	0	0
2014-11-03	373360	0	0	0	0	118	118	1848	0	9	4	0	0	0
2014-11-03	378133	0	0	0	0	168	168	1848	0	8.4	3.4	0	0	0
2014-11-03	379525	0	0	1	0	127	127	1848	0	7	2	0	0	0
2014-11-03	379582	0	0	1	0	147	147	1848	0	7	2	0	0	0
2014-11-03	381453	0	0	0	0	88	88	1848	0	6	1	0	0	0
2014-11-03	399471	0	0	0	0	119	119	1848	0	10	5	0	0	0
2014-11-03	399611	0	0	0	0	128	128	1848	0	12.8	7.8	0	0	0
2014-11-03	399667	0	0	0	0	148	148	1848	0	14	9	0	0	0
2014-11-03	401536	0	0	0	0	78	78	1848	0	0	0	0	0	0
2014-11-03	421220	0	0	0	0	108	108	1848	0	0	0	0	0	0
2014-11-03	421287	0	0	0	0	168	168	1848	0	20	15	0	0	0
2014-11-03	421298	0	0	0	0	108	108	1848	0	9	4	0	0	0
2014-11-03	421840	0	0	0	0	148	148	1848	0	8	3	0	0	0
2014-11-03	421896	0	0	0	0	138	138	1848	0	7	2	0	0	0
2014-11-03	423570	0	0	0	0	98	98	1848	0	0	0	0	0	0
2014-11-03	424689	0	0	0	0	98	98	1848	0	0	0	0	0	0
2014-11-03	425736	0	0	0	0	175	175	1848	0	8	3	0	0	0
2014-11-03	431273	0	0	0	0	128	128	1848	0	6.4	1.4	0	0	0
2014-11-03	431511	0	0	0	0	158	158	1848	0	0	0	0	0	0
2014-11-03	434934	0	0	2	0	148	148	1848	0	7	2	0	0	0
2014-11-03	436021	0	0	0	0	148	148	1848	0	0	0	0	0	0
2014-11-03	436078	0	0	0	0	168	168	1848	0	16.8	11.8	0	0	0
2014-11-03	436135	0	0	0	0	148	148	1848	0	0	0	0	0	0
2014-11-03	437350	0	0	0	0	118	118	1848	0	12	7	0	0	0
2014-11-03	438158	0	0	0	0	98	111.33	1848	0	6	1	0	0	0
2014-11-03	439043	0	0	0	0	148	148	1848	0	7	2	0	0	0
2014-11-03	439333	0	0	0	0	118	118	1848	0	0	0	0	0	0
2014-11-03	439410	0	0	0	0	98	98	1848	0	8	3	0	0	0
2014-11-03	439923	0	0	0	0	128	128	1848	0	6	1	0	0	0
2014-11-03	440752	0	0	0	0	120	120	1848	0	6	1	0	0	0
2014-11-03	444719	0	0	0	0	126	126	1848	0	0	0	0	0	0
2014-11-03	444724	0	0	0	0	148	148	1848	0	0	0	0	0	0
2014-11-03	445300	0	0	0	0	148	148	1848	0	0	0	0	0	0
2014-11-03	447855	0	0	0	0	189	189	1848	0	18.9	13.9	0	0	0
2014-11-03	447859	0	0	0	0	169	169	1848	0	16.9	11.9	0	0	0
2014-11-03	447860	0	0	0	0	239	239	1848	0	23.9	18.9	0	0	0
2014-11-03	447866	0	0	0	0	99	99	1848	0	9.9	4.9	0	0	0
2014-11-03	447870	0	0	0	0	149	149	1848	0	14.9	9.9	0	0	0
2014-11-03	448774	0	0	0	0	148	148	1848	0	14	9	0	0	0
2014-11-03	448781	0	0	0	0	158	158	1848	0	15	10	0	0	0
2014-11-03	449418	0	0	0	0	79	79	1848	0	5.5	0.5	0	0	0
2014-11-03	449429	0	0	0	0	128	128	1848	0	6.4	1.4	0	0	0
2014-11-03	449449	0	0	0	0	168	168	1848	0	8.4	3.4	0	0	0
2014-11-03	449458	0	0	0	0	148	148	1848	0	7.4	2.4	0	0	0
2014-11-03	449465	0	0	0	0	198	198	1848	0	9.9	4.9	0	0	0
2014-11-03	449904	0	0	0	0	138	138	1848	0	0	0	0	0	0
2014-11-03	450191	0	0	0	0	188	188	1848	0	0	0	0	0	0
2014-11-03	450247	0	0	0	0	228	228	1848	0	0	0	0	0	0
2014-11-03	450461	0	0	0	0	98	98	1848	0	6	1	0	0	0
2014-11-03	450575	0	0	0	0	158	158	1848	0	8	3	0	0	0
2014-11-03	450637	0	0	0	0	88	88	1848	0	7	2	0	0	0
2014-11-03	450697	0	0	0	0	120	120	1848	0	6	1	0	0	0
2014-11-03	450790	0	0	0	0	108	108	1848	0	10.8	5.8	0	0	0
2014-11-03	450793	0	0	0	0	97	100.67	1848	0	7	2	0	0	0
2014-11-03	450831	0	0	0	0	99	99	1848	0	9.9	4.9	0	0	0
2014-11-03	450972	0	0	0	0	178	178	1848	0	8	3	0	0	0
2014-11-03	451051	0	0	0	0	99	0	1848	0	0	0	0	0	0
2014-11-03	454696	0	0	0	0	168	168	1848	0	0	0	0	0	0
2014-11-03	454702	0	0	0	0	138	138	1848	0	0	0	0	0	0
2014-11-03	454706	0	0	0	0	128	128	1848	0	0	0	0	0	0
2014-11-03	454880	0	0	0	0	138	138	1848	0	0	0	0	0	0
2014-11-03	456121	0	0	0	0	106	119.33	1848	0	7	2	5	0	0
2014-11-03	456594	0	0	0	0	699	699	1848	0	30	25	0	0	0
2014-11-03	456777	0	0	0	0	166	166	1848	0	0	0	0	0	0
2014-11-03	456998	0	0	0	0	129	129	1848	0	6	1	0	0	0
2014-11-03	457161	0	0	0	0	129	129	1848	0	0	0	0	0	0
2014-11-03	457414	0	0	0	0	149	149	1848	0	6	1	0	0	0
2014-11-03	457433	0	0	0	0	189	189	1848	0	6	1	0	0	0
2014-11-03	457448	0	0	0	0	169	169	1848	0	6	1	0	0	0
2014-11-03	459660	0	0	0	0	159	159	1848	0	0	0	0	0	0
2014-11-03	460307	0	0	0	0	199	199	1848	0	0	0	0	0	0
2014-11-03	460501	0	0	0	0	208	176	1848	0	0	0	0	0	0
2014-11-03	460771	0	0	0	0	127	127	1848	0	6	1	0	0	0
2014-11-03	463911	0	0	0	0	258	258	1848	0	13	8	0	0	0
2014-11-03	464067	0	0	0	0	159	159	1848	0	0	0	0	0	0
2014-11-03	464084	0	0	0	0	199	199	1848	0	0	0	0	0	0
2014-11-03	464139	0	0	0	0	198	198	1848	0	0	0	0	0	0
2014-11-03	466016	0	0	0	0	128	128	1848	0	6.4	1.4	0	0	0
2014-11-03	466136	0	0	0	0	137	137	1848	0	7	2	0	0	0
2014-11-03	466137	0	0	0	0	147	147	1848	0	7	2	0	0	0
2014-11-03	466377	0	0	0	0	158	158	1848	0	7.9	2.9	0	0	0
2014-11-03	466695	0	0	0	0	180	180	1848	0	10	5	0	0	0
2014-11-03	467871	0	0	0	0	149	149	1848	0	8	3	0	0	0
2014-11-03	468032	0	0	0	0	139	139	1848	0	7	2	0	0	0
2014-11-03	469424	0	0	0	0	128	128	1848	0	7	2	0	0	0
2014-11-03	470370	0	0	0	0	118	118	1848	0	11	6	0	0	0
2014-11-03	470458	0	0	0	0	60	60	1848	0	6	1	0	0	0
2014-11-03	470624	0	0	0	0	318	318	1848	0	0	0	0	0	0
2014-11-03	471073	0	0	0	0	99	99	1848	0	9	4	0	0	0
2014-11-03	471115	0	0	0	0	119	119	1848	0	6	1	0	0	0
2014-11-03	471165	0	0	0	0	138	138	1848	0	7	2	0	0	0
2014-11-03	471170	0	0	0	0	178	178	1848	0	8	3	0	0	0
2014-11-03	471225	0	0	0	0	168	168	1848	0	8	3	0	0	0
2014-11-03	471301	0	0	0	0	126	126	1848	0	6	1	0	0	0
2014-11-03	471311	0	0	0	0	238	238	1848	0	8	3	0	0	0
2014-11-03	473762	0	0	0	0	138	138	1848	0	6.9	1.9	0	0	0
2014-11-03	474398	0	0	0	0	130	130	1848	0	10	5	0	0	0
2014-11-03	474425	0	0	0	0	88	88	1848	0	8.8	3.8	0	0	0
2014-11-03	475134	0	0	0	0	168	168	1848	0	6	1	0	0	0
2014-11-03	477642	0	0	0	0	168	168	1848	0	0	0	0	0	0
2014-11-03	477717	0	0	0	0	78	78	1848	0	7.8	2.8	0	0	0
2014-11-03	478173	0	0	0	0	148	148	1848	0	8	3	0	0	0
2014-11-03	478812	0	0	0	0	139	139	1848	0	0	0	0	0	0
2014-11-03	479432	0	0	0	0	268	268	1848	0	7	2	0	0	0
2014-11-03	479772	0	0	0	0	338	338	1848	0	0	0	0	0	0
2014-11-03	479878	0	0	0	0	168	168	1848	0	0	0	0	0	0
2014-11-03	479976	0	0	0	0	128	128	1848	0	0	0	0	0	0
2014-11-03	479985	0	0	0	0	138	138	1848	0	0	0	0	0	0
2014-11-03	491460	0	0	0	0	98	98	1848	0	8	3	0	0	0
2014-11-03	492001	0	0	0	0	78	78	1848	0	8	3	0	0	0
2014-11-03	492031	0	0	0	0	108	108	1848	0	0	0	0	0	0
2014-11-03	492067	0	0	0	0	129	99	1848	0	4	-1	0	0	0
2014-11-03	492570	0	0	0	0	208	208	1848	0	10	5	0	0	0
2014-11-03	492638	0	0	3	0	118	118	1848	0	12	7	0	0	0
2014-11-03	493007	0	0	1	0	99	118.67	1848	0	7	2	0	0	0
2014-11-03	493053	0	0	0	0	158	158	1848	0	7.9	2.9	0	0	0
2014-11-03	493373	0	0	0	0	128	128	1848	0	8	3	0	0	0
2014-11-03	493701	0	0	0	0	168	168	1848	0	13	8	0	0	0
2014-11-03	493720	0	0	0	0	239	239	1848	0	11	6	0	0	0
2014-11-03	495128	0	0	0	0	158	158	1848	0	9	4	0	0	0
2014-11-03	495322	0	0	0	0	118	118	1848	0	8	3	0	0	0
2014-11-03	495367	0	0	0	0	176	176	1848	0	8	3	0	0	0
2014-11-03	495369	0	0	0	0	118	118	1848	0	11	6	0	0	0
2014-11-03	495548	0	0	0	0	158	158	1848	0	3	-2	0	0	0
2014-11-03	495595	0	0	0	0	176	176	1848	0	10	5	0	0	0
2014-11-03	495679	0	0	0	0	258	258	1848	0	10	5	0	0	0
2014-11-03	495955	0	0	0	0	158	158	1848	0	14	9	0	0	0
2014-11-03	496021	0	0	0	0	178	178	1848	0	9	4	0	0	0
2014-11-03	496081	0	0	0	0	158	158	1848	0	6	1	0	0	0
2014-11-03	496088	0	0	0	0	229	229	1848	0	7	2	0	0	0
2014-11-03	496143	0	0	0	0	130	130	1848	0	6.5	1.5	0	0	0
2014-11-03	496273	0	0	0	0	137	137	1848	0	7	2	0	0	0
2014-11-03	496390	0	0	0	0	158	158	1848	0	7.9	2.9	0	0	0
2014-11-03	496420	0	0	0	0	158	158	1848	0	7.9	2.9	0	0	0
2014-11-03	499073	0	0	0	0	128	128	1848	0	7	2	0	0	0
2014-11-03	499134	0	0	0	0	138	138	1848	0	13	8	0	0	0
2014-11-03	499139	0	0	0	0	188	188	1848	0	9.4	4.4	0	0	0
2014-11-03	499143	0	0	0	0	228	228	1848	0	11.4	6.4	0	0	0
2014-11-03	499732	0	0	0	0	188	188	1848	0	6	1	0	0	0
2014-11-03	499733	0	0	0	0	118	118	1848	0	6	1	0	0	0
2014-11-03	499770	0	0	0	0	410	410	1848	0	20	15	0	0	0
2014-11-03	499912	0	0	0	0	161	161	1848	0	8	3	0	0	0
2014-11-03	499916	0	0	0	0	188	188	1848	0	9.4	4.4	0	0	0
2014-11-03	499979	0	0	0	0	188	188	1848	0	9	4	0	0	0
2014-11-03	499982	0	0	0	0	198	198	1848	0	9.9	4.9	0	0	0
2014-11-03	499985	0	0	0	0	268	268	1848	0	13	8	0	0	0
2014-11-03	500003	0	0	0	0	198	198	1848	0	9.9	4.9	0	0	0
2014-11-03	500006	0	0	0	0	119	119	1848	0	0	0	0	0	0
2014-11-03	500019	0	0	0	0	129	129	1848	0	0	0	0	0	0
2014-11-03	500025	0	0	0	0	398	398	1848	0	20	15	0	0	0
2014-11-03	500028	0	0	0	0	178	178	1848	0	0	0	0	0	0
2014-11-03	500032	0	0	0	0	198	198	1848	0	9.9	4.9	0	0	0
2014-11-03	500359	0	0	0	0	127	127	1848	0	6	1	0	0	0
2014-11-03	500407	0	0	0	0	138	138	1848	0	8	3	0	0	0
2014-11-03	500412	0	0	0	0	138	138	1848	0	8	3	0	0	0
2014-11-03	500432	0	0	0	0	128	128	1848	0	8	3	0	0	0
2014-11-03	500503	0	0	0	0	138	138	1848	0	8	3	0	0	0
2014-11-03	500536	0	0	0	0	138	138	1848	0	12	7	0	0	0
2014-11-03	500679	0	0	0	0	120	120	1848	0	10	5	1	0	0
2014-11-03	500802	0	0	0	0	159	159	1848	0	10	5	0	0	0
2014-11-03	502423	0	0	0	0	119	119	1848	0	9	4	0	0	0
2014-11-03	502467	0	0	0	0	140	140	1848	0	14	9	0	0	0
2014-11-03	502479	0	0	0	0	248	248	1848	0	13	8	0	0	0
2014-11-03	502561	0	0	0	0	138	138	1848	0	14	9	0	0	0
2014-11-03	502601	0	0	0	0	118	118	1848	0	12	7	0	0	0
2014-11-03	502625	0	0	0	0	118	118	1848	0	5.9	0.9	0	0	0
2014-11-03	502635	0	0	0	0	138	138	1848	0	6.9	1.9	0	0	0
2014-11-03	502648	0	0	0	0	138	138	1848	0	6.9	1.9	0	0	0
2014-11-03	504745	0	0	0	0	388	388	1848	0	34	29	0	0	0
2014-11-03	504818	0	0	0	0	348	348	1848	0	17	12	0	0	0
2014-11-03	504869	0	0	0	0	138	138	1848	0	8	3	0	0	0
2014-11-03	504871	0	0	0	0	148	148	1848	0	0	0	0	0	0
2014-11-03	506134	0	0	0	0	128	128	1848	0	6	1	0	0	0
2014-11-03	506495	0	0	0	0	108	108	1848	0	8	3	0	0	0
2014-11-03	506521	0	0	0	0	286	286	1848	0	0	0	0	0	0
2014-11-03	506701	0	0	0	0	138	138	1848	0	10	5	0	0	0
2014-11-03	506737	0	0	0	0	138	138	1848	0	10	5	0	0	0
2014-11-03	508036	0	0	0	0	88	88	1848	0	0	0	0	0	0
2014-11-03	508610	0	0	0	0	238	238	1848	0	19	14	0	0	0
2014-11-03	508666	0	0	0	0	128	128	1848	0	10.2	5.2	0	0	0
2014-11-03	508833	0	0	0	0	128	128	1848	0	0	0	0	0	0
2014-11-03	508857	0	0	0	0	88	88	1848	0	0	0	0	0	0
2014-11-03	509562	0	0	0	0	138	131.33	1848	0	13	8	0	0	0
2014-11-03	509987	0	0	0	0	128	128	1848	0	12	7	0	0	0
2014-11-03	510003	0	0	0	0	88	88	1848	0	8	3	0	0	0
2014-11-03	510080	0	0	1	0	188	188	1848	0	15	10	0	0	0
2014-11-03	510087	0	0	0	0	88	88	1848	0	7	2	1	0	0
2014-11-03	510095	0	0	0	0	188	188	1848	0	15	10	0	0	0
2014-11-03	510100	0	0	0	0	98	98	1848	0	10	5	0	0	0
2014-11-03	510122	0	0	0	0	188	188	1848	0	15	10	0	0	0
2014-11-03	514926	0	0	0	0	109	109	1848	0	0	0	0	0	0
2014-11-03	516204	0	0	0	0	109	109	1848	0	10	5	0	0	0
2014-11-03	517234	0	0	0	0	118	118	1848	0	0	0	0	0	0
2014-11-03	518552	0	0	0	0	188	188	1848	0	9	4	0	0	0
2014-11-03	522374	0	0	0	0	152	152	1848	0	10	5	0	0	0
2014-11-03	523701	0	0	0	0	118	118	1848	0	12	7	0	0	0
2014-11-03	523756	0	0	0	0	108	108	1848	0	10	5	0	0	0
2014-11-03	525233	0	0	0	0	178	178	1848	0	10.5	5.5	0	0	0
2014-11-03	532639	0	0	0	0	108	108	1848	0	8	3	0	0	0
2014-11-03	545684	0	0	0	0	138	138	1848	0	4	-1	0	0	0
2014-11-03	547107	0	0	0	0	118	118	1848	0	6	1	0	0	0
2014-11-03	547113	0	0	0	0	168	168	1848	0	8	3	0	0	0
2014-11-03	548293	0	0	0	0	139	139	1848	0	9	4	0	0	0
2014-11-03	548435	0	0	0	0	108	108	1848	0	10	5	0	0	0
2014-11-03	548533	0	0	0	0	163	163	1848	0	25	20	0	0	0
2014-11-03	550068	0	0	0	0	158	158	1848	0	6	1	0	0	0
2014-11-03	550360	0	0	0	0	188	188	1848	0	6	1	0	0	0
2014-11-03	550364	0	0	0	0	258	258	1848	0	8	3	0	0	0
2014-11-03	552978	0	0	0	0	188	188	1848	0	9.4	4.4	0	0	0
2014-11-03	554637	0	0	0	0	168	168	1848	0	0	0	0	0	0
2014-11-03	555650	0	0	0	0	119	119	1848	0	5.95	0.95	0	0	0
2014-11-03	556153	0	0	0	0	119	119	1848	0	0	0	0	0	0
2014-11-03	556953	0	0	0	0	208	208	1848	0	8	3	0	0	0
2014-11-03	556969	0	0	0	0	98	98	1848	0	10	5	0	0	0
2014-11-03	558343	0	0	0	0	328	328	1848	0	13	8	0	0	0
2014-11-03	558801	0	0	0	0	88	88	1848	0	0	0	0	0	0
2014-11-03	559195	0	0	0	0	68	68	1848	0	6	1	0	0	0
2014-11-03	560058	0	0	0	0	88	88	1848	0	6	1	0	0	0
2014-11-03	560237	0	0	0	0	128	128	1848	0	10.24	5.24	0	0	0
2014-11-03	562013	0	0	0	0	109	109	1848	0	7	2	0	0	0
2014-11-03	562046	0	0	0	0	108	108	1848	0	5.4	0.4	0	0	0
2014-11-03	562141	0	0	0	0	238	238	1848	0	23.8	18.8	0	0	0
2014-11-03	562341	0	0	0	0	108	108	1848	0	6	1	0	0	0
2014-11-03	563293	0	0	0	0	208	208	1848	0	8	3	0	0	0
2014-11-03	566110	0	0	0	0	138	138	1848	0	14	9	0	0	0
2014-11-03	566739	0	0	0	0	118	118	1848	0	0	0	0	0	0
2014-11-03	566776	0	0	0	0	70	70	1848	0	7	2	0	0	0
2014-11-03	566822	0	0	0	0	60	60	1848	0	6	1	0	0	0
2014-11-03	566996	0	0	0	0	108	108	1848	0	8	3	0	0	0
2014-11-03	567580	0	0	0	0	158	158	1848	0	0	0	0	0	0
2014-11-03	568199	0	0	0	0	88	88	1848	0	7	2	0	0	0
2014-11-03	569860	0	0	0	0	68	68	1848	0	6	1	0	0	0
2014-11-03	571550	0	0	0	0	119	119	1848	0	7	2	4	0	0
2014-11-03	571554	0	0	0	0	99	119	1848	0	4	-1	0	0	0
2014-11-03	571724	0	0	0	0	118	118	1848	0	5.9	0.9	0	0	0
2014-11-03	571725	0	0	0	0	128	128	1848	0	6.4	1.4	0	0	0
2014-11-03	572795	0	0	0	0	123	123	1848	0	6	1	0	0	0
2014-11-03	573031	0	0	0	0	98	98	1848	0	6	1	0	0	0
2014-11-03	573042	0	0	0	0	168	168	1848	0	0	0	0	0	0
2014-11-03	574173	0	0	0	0	168	168	1848	0	0	0	0	0	0
2014-11-03	574802	0	0	0	0	239	239	1848	0	0	0	0	0	0
2014-11-03	575181	0	0	0	0	258	258	1848	0	15	10	0	0	0
2014-11-03	575287	0	0	0	0	106	106	1848	0	8	3	0	0	0
2014-11-03	575319	0	0	0	0	98	98	1848	0	7	2	0	0	0
2014-11-03	575603	0	0	0	0	127	127	1848	0	6	1	0	0	0
2014-11-03	575624	0	0	0	0	99	99	1848	0	8	3	0	0	0
2014-11-03	575641	0	0	0	0	85	85	1848	0	6	1	0	0	0
2014-11-03	577701	0	0	0	0	178	178	1848	0	8	3	0	0	0
2014-11-03	578049	0	0	0	0	110	110	1848	0	8	3	0	0	0
2014-11-03	578142	0	0	0	0	108	108	1848	0	8	3	0	0	0
2014-11-03	579815	0	0	0	0	88	88	1848	0	8	3	0	0	0
2014-11-03	579986	0	0	0	0	78	78	1848	0	8	3	0	0	0
2014-11-03	580006	0	0	0	0	45	45	1848	0	10	5	0	0	0
2014-11-03	580208	0	0	0	0	118	118	1848	0	6	1	0	0	0
2014-11-03	580216	0	0	0	0	128	128	1848	0	0	0	0	0	0
2014-11-03	580427	0	0	1	0	158	158	1848	0	13	8	0	0	0
2014-11-03	580739	0	0	0	0	239	239	1848	0	20	15	0	0	0
2014-11-03	580742	0	0	0	0	269	269	1848	0	20	15	0	0	0
2014-11-03	580744	0	0	0	0	359	359	1848	0	20	15	0	0	0
2014-11-03	581448	0	0	0	0	158	158	1848	0	0	0	0	0	0
2014-11-03	581866	0	0	0	0	312	312	1848	0	9	4	0	0	0
2014-11-03	582170	0	0	0	0	138	138	1848	0	8	3	0	0	0
2014-11-03	582292	0	0	0	0	262	262	1848	0	13	8	0	0	0
2014-11-03	582660	0	0	0	0	68	68	1848	0	6	1	0	0	0
2014-11-03	582766	0	0	0	0	88	88	1848	0	8	3	0	0	0
2014-11-03	582821	0	0	0	0	68	68	1848	0	6	1	0	0	0
2014-11-03	582996	0	0	0	0	238	238	1848	0	19	14	0	0	0
2014-11-03	583595	0	0	0	0	178	178	1848	0	8.9	3.9	0	0	0
2014-11-03	583749	0	0	0	0	128	128	1848	0	18	13	0	0	0
2014-11-03	584013	0	0	0	0	99	99	1848	0	9	4	0	0	0
2014-11-03	584037	0	0	0	0	262	262	1848	0	13	8	0	0	0
2014-11-03	584498	0	0	0	0	118	118	1848	0	6	1	0	0	0
2014-11-03	584792	0	0	0	0	218	218	1848	0	9	4	0	0	0
2014-11-03	584853	0	0	0	0	120	120	1848	0	6	1	0	0	0
2014-11-03	586235	0	0	0	0	198	198	1848	0	10	5	0	0	0
2014-11-03	586391	0	0	0	0	188	188	1848	0	10	5	0	0	0
2014-11-03	586449	0	0	0	0	198	198	1848	0	10	5	0	0	0
2014-11-03	586643	0	0	0	0	158	158	1848	0	0	0	0	0	0
2014-11-03	587152	0	0	0	0	118	118	1848	0	11	6	0	0	0
2014-11-03	587177	0	0	0	0	77	77	1848	0	6	1	0	0	0
2014-11-03	587425	0	0	0	0	98	98	1848	0	0.5	-4.5	0	0	0
2014-11-03	587634	0	0	0	0	138	138	1848	0	0	-5	0	0	0
2014-11-03	587651	0	0	0	0	139	139	1848	0	0	0	0	0	0
2014-11-03	587997	0	0	0	0	117	117	1848	0	7	2	0	0	0
2014-11-03	588018	0	0	0	0	137	137	1848	0	7	2	0	0	0
2014-11-03	588322	0	0	0	0	119	119	1848	0	12	7	0	0	0
2014-11-03	588559	0	0	0	0	588	588	1848	0	58	53	0	0	0
2014-11-03	588608	0	0	0	0	80	80	1848	0	8	3	0	0	0
2014-11-03	588724	0	0	0	0	128	128	1848	0	0	0	0	0	0
2014-11-03	588841	0	0	0	0	108	108	1848	0	11	6	0	0	0
2014-11-03	588900	0	0	0	0	138	138	1848	0	7	2	0	0	0
2014-11-03	591331	0	0	0	0	136	136	1848	0	0	0	0	0	0
2014-11-03	591766	0	0	4	0	128	128	1848	0	0	0	0	0	0
2014-11-03	592051	0	0	0	0	180	180	1848	0	18	13	0	0	0
2014-11-03	592281	0	0	0	0	168	168	1848	0	16	11	0	0	0
2014-11-03	592374	0	0	0	0	128	128	1848	0	0	0	0	0	0
2014-11-03	593034	0	0	0	0	158	158	1848	0	8	3	0	0	0
2014-11-03	594977	0	0	0	0	118	118	1848	0	0	0	0	0	0
2014-11-03	595311	0	0	0	0	228	228	1848	0	11	6	0	0	0
2014-11-03	595342	0	0	0	0	148	148	1848	0	7	2	0	0	0
2014-11-03	595343	0	0	0	0	168	168	1848	0	8	3	0	0	0
2014-11-03	596885	0	0	0	0	166	166	1848	0	0	0	0	0	0
2014-11-03	597095	0	0	0	0	98	98	1848	0	8	3	0	0	0
2014-11-03	597181	0	0	0	0	120	120	1848	0	0	0	0	0	0
2014-11-03	597375	0	0	0	0	76	76	1848	0	6	1	0	0	0
2014-11-03	598598	0	0	0	0	142	142	1848	0	14	9	0	0	0
2014-11-03	598793	0	0	0	0	138	138	1848	0	9	4	0	0	0
2014-11-03	598971	0	0	0	0	58	58	1848	0	8	3	0	0	0
2014-11-03	599366	0	0	0	0	130	130	1848	0	0	0	0	0	0
2014-11-03	599500	0	0	0	0	138	138	1848	0	0	0	0	0	0
2014-11-03	599940	0	0	0	0	300	300	1848	0	24	19	0	0	0
2014-11-03	600248	0	0	0	0	99	99	1848	0	9	4	0	0	0
2014-11-03	600522	0	0	0	0	118	118	1848	0	6	1	0	0	0
2014-11-03	601384	0	0	0	0	70	70	1848	0	7	2	0	0	0
2014-11-03	601436	0	0	0	0	168	0	1848	0	0	0	0	0	0
2014-11-03	602909	0	0	0	0	128	128	1848	0	5.2	0.2	0	0	0
2014-11-03	604007	0	0	0	0	138	138	1848	0	8	3	0	0	0
2014-11-03	605300	0	0	0	0	138	138	1848	0	0	0	0	0	0
2014-11-03	605459	0	0	0	0	168	168	1848	0	7	2	1	0	0
2014-11-03	605505	0	0	0	0	138	138	1848	0	6	1	0	0	0
2014-11-03	605756	0	0	0	0	118	118	1848	0	0	0	0	0	0
2014-11-03	605763	0	0	0	0	118	118	1848	0	0	0	0	0	0
2014-11-03	605785	0	0	0	0	120	120	1848	0	8	3	0	0	0
2014-11-03	606782	0	0	0	0	278	278	1848	0	14	9	0	0	0
2014-11-03	607993	0	0	0	0	145	145	1848	0	10	5	0	0	0
2014-11-03	609714	0	0	0	0	99	99	1848	0	9	4	0	0	0
2014-11-03	609744	0	0	0	0	168	168	1848	0	7	2	0	0	0
2014-11-03	609765	0	0	0	0	78	78	1848	0	6	1	0	0	0
2014-11-03	609827	0	0	0	0	168	168	1848	0	0	0	0	0	0
2014-11-03	610021	0	0	0	0	148	148	1848	0	6	1	0	0	0
2014-11-03	610168	0	0	0	0	128	128	1848	0	8	3	0	0	0
2014-11-03	610176	0	0	0	0	138	138	1848	0	8	3	0	0	0
2014-11-03	610266	0	0	0	0	110	110	1848	0	8	3	0	0	0
2014-11-03	610558	0	0	0	0	150	150	1848	0	6	1	0	0	0
2014-11-03	610627	0	0	0	0	320	320	1848	0	0	0	0	0	0
2014-11-03	612023	0	0	0	0	70	70	1848	0	7	2	0	0	0
2014-11-03	612385	0	0	0	0	88	88	1848	0	7	2	0	0	0
2014-11-03	612460	0	0	0	0	108	108	1848	0	10	5	0	0	0
2014-11-03	614752	0	0	0	0	148	0	1848	0	0	0	0	0	0
2014-11-03	614863	0	0	0	0	68	68	1848	0	0	0	0	0	0
2014-11-03	614914	0	0	0	0	267	267	1848	0	6	1	0	0	0
2014-11-03	615204	0	0	0	0	70	70	1848	0	7	2	0	0	0
2014-11-03	615415	0	0	0	0	238	238	1848	0	19	14	0	0	0
2014-11-03	615801	0	0	0	0	188	188	1848	0	9	4	0	0	0
2014-11-03	615823	0	0	0	0	69	69	1848	0	7	2	0	0	0
2014-11-03	617268	0	0	0	0	108	108	1848	0	10	5	0	0	0
2014-11-03	617350	0	0	0	0	118	118	1848	0	10	5	0	0	0
2014-11-03	617392	0	0	0	0	78	78	1848	0	8	3	0	0	0
2014-11-03	617452	0	0	0	0	128	128	1848	0	18	13	0	0	0
2014-11-03	617704	0	0	0	0	148	148	1848	0	6	1	0	0	0
2014-11-03	618589	0	0	0	0	98	98	1848	0	8	3	1	0	0
2014-11-03	619104	0	0	0	0	128	128	1848	0	0	0	0	0	0
2014-11-03	619115	0	0	0	0	115	115	1848	0	6	1	0	0	0
2014-11-03	619489	0	0	0	0	244	244	1848	0	12	7	0	0	0
2014-11-03	620492	0	0	0	0	168	168	1848	0	8	3	0	0	0
2014-11-03	620552	0	0	0	0	118	118	1848	0	5.9	0.9	0	0	0
2014-11-03	621766	0	0	0	0	128	128	1848	0	3	-2	0	0	0
2014-11-03	622058	0	0	0	0	98	98	1848	0	8	3	0	0	0
2014-11-03	622246	0	0	0	0	318	318	1848	0	0	0	0	0	0
2014-11-03	622395	0	0	0	0	228	228	1848	0	22.8	17.8	0	0	0
2014-11-03	624484	0	0	0	0	283	283	1848	0	14	9	0	0	0
2014-11-03	624504	0	0	0	0	283	283	1848	0	14	9	0	0	0
2014-11-03	624963	0	0	0	0	158	158	1848	0	8	3	0	0	0
2014-11-03	625064	0	0	0	0	168	168	1848	0	10	5	0	0	0
2014-11-03	626821	0	0	0	0	99	99	1848	0	0	0	0	0	0
2014-11-03	627102	0	0	0	0	348	348	1848	0	35	30	0	0	0
2014-11-03	627338	0	0	0	0	128	128	1848	0	6	1	0	0	0
2014-11-03	628341	0	0	0	0	78	78	1848	0	8	3	0	0	0
2014-11-03	628782	0	0	0	0	128	128	1848	0	0	0	0	0	0
2014-11-03	628826	0	0	0	0	148	148	1848	0	0	0	0	0	0
2014-11-03	628840	0	0	0	0	120	120	1848	0	6	1	0	0	0
2014-11-03	628875	0	0	0	0	180	180	1848	0	0	0	0	0	0
2014-11-03	628882	0	0	0	0	158	158	1848	0	0	0	0	0	0
2014-11-03	628885	0	0	0	0	110	110	1848	0	6	1	0	0	0
2014-11-03	629464	0	0	0	0	188	188	1848	0	9.5	4.5	0	0	0
2014-11-03	629492	0	0	0	0	128	128	1848	0	6.6	1.6	0	0	0
2014-11-03	629776	0	0	0	0	128	128	1848	0	6	1	0	0	0
2014-11-03	629797	0	0	0	0	178	178	1848	0	8	3	0	0	0
2014-11-03	630148	0	0	0	0	128	128	1848	0	0	0	0	0	0
2014-11-03	630396	0	0	0	0	88	88	1848	0	6	1	0	0	0
2014-11-03	630458	0	0	0	0	148	148	1848	0	7	2	0	0	0
2014-11-03	630471	0	0	0	0	118	118	1848	0	9	4	1	0	0
2014-11-03	630886	0	0	0	0	138	138	1848	0	8	3	0	0	0
2014-11-03	631760	0	0	0	0	139	139	1848	0	7	2	0	0	0
2014-11-03	631765	0	0	0	0	178	178	1848	0	8	3	0	0	0
2014-11-03	631767	0	0	0	0	118	118	1848	0	6	1	0	0	0
2014-11-03	632277	0	0	0	0	368	368	1848	0	13	8	0	0	0
2014-11-03	632609	0	0	0	0	78	78	1848	0	8	3	0	0	0
2014-11-03	632624	0	0	0	0	68	68	1848	0	8	3	0	0	0
2014-11-03	632804	0	0	0	0	78	78	1848	0	10	5	0	0	0
2014-11-03	633202	0	0	0	0	128	128	1848	0	7	2	0	0	0
2014-11-03	633312	0	0	0	0	88	88	1848	0	8	3	0	0	0
2014-11-03	633488	0	0	0	0	248	248	1848	0	7	2	0	0	0
2014-11-03	633596	0	0	0	0	148	148	1848	0	7	2	0	0	0
2014-11-03	633646	0	0	0	0	208	208	1848	0	10	5	0	0	0
2014-11-03	633708	0	0	0	0	298	298	1848	0	14	9	0	0	0
2014-11-03	633946	0	0	0	0	168	168	1848	0	8	3	0	0	0
2014-11-03	634625	0	0	0	0	238	238	1848	0	7.2	2.2	0	0	0
2014-11-03	634869	0	0	0	0	218	218	1848	0	17	12	0	0	0
2014-11-03	635012	0	0	0	0	168	168	1848	0	8	3	0	0	0
2014-11-03	635133	0	0	0	0	208	208	1848	0	10	5	0	0	0
2014-11-03	635527	0	0	0	0	78	78	1848	0	10	5	0	0	0
2014-11-03	636006	0	0	0	0	108	108	1848	0	0	0	0	0	0
2014-11-03	636188	0	0	0	0	88	88	1848	0	8	3	1	0	0
2014-11-03	636201	0	0	0	0	78	78	1848	0	6	1	0	0	0
2014-11-03	636211	0	0	0	0	108	108	1848	0	8	3	0	0	0
2014-11-03	636748	0	0	0	0	158	158	1848	0	6	1	0	0	0
2014-11-03	636761	0	0	0	0	288	288	1848	0	11	6	0	0	0
2014-11-03	637696	0	0	0	0	122	122	1848	0	0	0	0	0	0
2014-11-03	638459	0	0	0	0	108	108	1848	0	10	5	1	0	0
2014-11-03	638743	0	0	0	0	147	147	1848	0	7	2	0	0	0
2014-11-03	639099	0	0	0	0	217	217	1848	0	0	0	0	0	0
2014-11-03	639704	0	0	0	0	148	148	1848	0	0	0	0	0	0
2014-11-03	639768	0	0	0	0	88	88	1848	0	8	3	0	0	0
2014-11-03	639773	0	0	0	0	66	66	1848	0	6	1	0	0	0
2014-11-03	640611	0	0	0	0	155	155	1848	0	13	8	0	0	0
2014-11-03	640618	0	0	0	0	125	125	1848	0	0	0	0	0	0
2014-11-03	640697	0	0	0	0	100	100	1848	0	0	0	0	0	0
2014-11-03	641799	0	0	0	0	118	118	1848	0	10	5	0	0	0
2014-11-03	641929	0	0	0	0	126	126	1848	0	6	1	0	0	0
2014-11-03	641967	0	0	0	0	188	188	1848	0	15	10	0	0	0
2014-11-03	642531	0	0	0	0	128	128	1848	0	13	8	0	0	0
2014-11-03	642538	0	0	0	0	98	98	1848	0	10	5	0	0	0
2014-11-03	642646	0	0	0	0	138	138	1848	0	7	2	0	0	0
2014-11-03	643157	0	0	0	0	88	88	1848	0	0	0	0	0	0
2014-11-03	647322	0	0	0	0	5800	5800	1848	0	290	285	0	0	0
2014-11-03	648750	0	0	0	0	88	88	1848	0	6	1	0	0	0
2014-11-03	648754	0	0	0	0	99	99	1848	0	7	2	0	0	0
2014-11-03	648764	0	0	0	0	99	99	1848	0	7	2	0	0	0
2014-11-03	648862	0	0	2	0	78	78	1848	0	6	1	0	0	0
2014-11-03	650672	0	0	0	0	108	108	1848	0	8	3	0	0	0
2014-11-03	652186	0	0	0	0	158	158	1848	0	13	8	0	0	0
2014-11-03	652243	0	0	0	0	138	138	1848	0	10	5	0	0	0
2014-11-03	652438	0	0	0	0	468	468	1848	0	0	0	0	0	0
2014-11-03	652825	0	0	0	0	128	128	1848	0	6	1	0	0	0
2014-11-03	652959	0	0	0	0	148	148	1848	0	13	8	0	0	0
2014-11-03	653149	0	0	0	0	228	228	1848	0	9	4	0	0	0
2014-11-03	653281	0	0	0	0	138	138	1848	0	0	0	0	0	0
2014-11-03	653522	0	0	0	0	120	120	1848	0	9	4	0	0	0
2014-11-03	654683	0	0	0	0	288	288	1848	0	0	0	0	0	0
2014-11-03	656251	0	0	0	0	100	100	1848	0	6	1	0	0	0
2014-11-03	657261	0	0	0	0	108	108	1848	0	8	3	0	0	0
2014-11-03	657751	0	0	2	0	99	99	1848	0	10	5	1	0	0
2014-11-03	658581	0	0	0	0	288	288	1848	0	0	0	0	0	0
2014-11-03	658598	0	0	0	0	73	73	1848	0	8	3	0	0	0
2014-11-03	658838	0	0	0	0	198	198	1848	0	10	5	0	0	0
2014-11-03	658860	0	0	0	0	138	138	1848	0	13	8	0	0	0
2014-11-03	659075	0	0	0	0	88	88	1848	0	0	0	0	0	0
2014-11-03	659082	0	0	0	0	360	360	1848	0	0	0	0	0	0
2014-11-03	659383	0	0	0	0	119	119	1848	0	6	1	0	0	0
2014-11-03	659436	0	0	0	0	398	398	1848	0	20	15	0	0	0
2014-11-03	659455	0	0	0	0	368	368	1848	0	18	13	0	0	0
2014-11-03	660655	0	0	0	0	278	278	1848	0	0	0	0	0	0
2014-11-03	660659	0	0	0	0	508	508	1848	0	0	0	0	0	0
2014-11-03	661749	0	0	0	0	136	136	1848	0	10	5	0	0	0
2014-11-03	662139	0	0	0	0	98	98	1848	0	0	0	0	0	0
2014-11-03	662411	0	0	0	0	129	129	1848	0	8	3	0	0	0
2014-11-03	662442	0	0	0	0	149	149	1848	0	9	4	0	0	0
2014-11-03	662763	0	0	0	0	108	108	1848	0	8	3	0	0	0
2014-11-03	663098	0	0	0	0	138	138	1848	0	10	5	0	0	0
2014-11-03	663172	0	0	0	0	88	88	1848	0	6	1	0	0	0
2014-11-03	663201	0	0	0	0	138	138	1848	0	10	5	0	0	0
2014-11-03	664434	0	0	0	0	158	158	1848	0	11	6	0	0	0
2014-11-03	664670	0	0	0	0	128	128	1848	0	0	0	0	0	0
2014-11-03	664775	0	0	0	0	188	188	1848	0	16	11	0	0	0
2014-11-03	664883	0	0	3	0	268	268	1848	0	20	15	0	0	0
2014-11-03	665501	0	0	0	0	198	198	1848	0	8	3	0	0	0
2014-11-03	666693	0	0	0	0	88	88	1848	0	7	2	0	0	0
2014-11-03	667078	0	0	0	0	138	138	1848	0	8	3	0	0	0
2014-11-03	667092	0	0	0	0	108	108	1848	0	8	3	0	0	0
2014-11-03	667163	0	0	0	0	268	268	1848	0	26	21	0	0	0
2014-11-03	667506	0	0	0	0	118	118	1848	0	7	2	0	0	0
2014-11-03	667512	0	0	0	0	128	128	1848	0	0	0	0	0	0
2014-11-03	667599	0	0	0	0	168	168	1848	0	0	0	0	0	0
2014-11-03	668534	0	0	0	0	88	88	1848	0	8	3	0	0	0
2014-11-03	668541	0	0	0	0	108	108	1848	0	8	3	0	0	0
2014-11-03	669795	0	0	0	0	109	109	1848	0	8	3	0	0	0
2014-11-03	670768	0	0	2	0	127	127	1848	0	6	1	1	0	0
2014-11-03	671374	0	0	0	0	130	130	1848	0	8	3	0	0	0
2014-11-03	671388	0	0	0	0	78	78	1848	0	6	1	0	0	0
2014-11-03	671447	0	0	0	0	99	0	1848	0	6	1	0	0	0
2014-11-03	671700	0	0	0	0	358	358	1848	0	14	9	0	0	0
2014-11-03	673719	0	0	0	0	80	80	1848	0	6.4	1.4	0	0	0
2014-11-03	673949	0	0	0	0	65	65	1848	0	6	1	0	0	0
2014-11-03	673967	0	0	0	0	60	60	1848	0	5.4	0.4	0	0	0
2014-11-03	673995	0	0	0	0	140	140	1848	0	13	8	0	0	0
2014-11-03	675790	0	0	0	0	138	138	1848	0	6	1	0	0	0
2014-11-03	678125	0	0	0	0	139	139	1848	0	14	9	0	0	0
2014-11-03	678134	0	0	0	0	139	139	1848	0	14	9	0	0	0
2014-11-03	679119	0	0	0	0	88	88	1848	0	8	3	0	0	0
2014-11-03	679288	0	0	0	0	76	76	1848	0	6	1	0	0	0
2014-11-03	679319	0	0	0	0	148	148	1848	0	8	3	0	0	0
2014-11-03	679639	0	0	0	0	128	128	1848	0	7	2	0	0	0
2014-11-03	679747	0	0	0	0	118	118	1848	0	6	1	0	0	0
2014-11-03	681165	0	0	0	0	188	188	1848	0	10	5	0	0	0
2014-11-03	681380	0	0	0	0	118	198	1848	0	8.26	3.26	0	0	0
2014-11-03	681421	0	0	0	0	88	88	1848	0	0	0	0	0	0
2014-11-03	681569	0	0	0	0	158	158	1848	0	12	7	0	0	0
2014-11-03	681892	0	0	0	0	178	198	1848	0	0	-5	0	0	0
2014-11-03	682193	0	0	0	0	148	148	1848	0	15	10	0	0	0
2014-11-03	683131	0	0	0	0	288	288	1848	0	15	10	0	0	0
2014-11-03	683227	0	0	0	0	90	90	1848	0	9	4	0	0	0
2014-11-03	684015	0	0	0	0	98	98	1848	0	6	1	0	0	0
2014-11-03	684170	0	0	0	0	158	158	1848	0	7	2	0	0	0
2014-11-03	684185	0	0	0	0	178	178	1848	0	8	3	0	0	0
2014-11-03	684201	0	0	0	0	138	138	1848	0	11	6	0	0	0
2014-11-03	684496	0	0	0	0	148	148	1848	0	6	1	0	0	0
2014-11-03	685301	0	0	0	0	108	118.33	1848	0	5	0	0	0	0
2014-11-03	688340	0	0	0	0	108	108	1848	0	9	4	0	0	0
2014-11-03	688410	0	0	0	0	208	208	1848	0	10	5	0	0	0
2014-11-03	688522	0	0	0	0	120	120	1848	0	6	1	0	0	0
2014-11-03	688702	0	0	0	0	108	108	1848	0	6	1	0	0	0
2014-11-03	689036	0	0	0	0	108	108	1848	0	6	1	0	0	0
2014-11-03	690601	0	0	0	0	318	318	1848	0	0	0	0	0	0
2014-11-03	690758	0	0	0	0	138	138	1848	0	0	0	0	0	0
2014-11-03	691168	0	0	0	0	198	198	1848	0	10	5	0	0	0
2014-11-03	691947	0	0	0	0	188	188	1848	0	0	0	0	0	0
2014-11-03	692051	0	0	0	0	118	118	1848	0	9.4	4.4	0	0	0
2014-11-03	692439	0	0	0	0	88	88	1848	0	8	3	0	0	0
2014-11-03	692778	0	0	0	0	78	78	1848	0	0	0	0	0	0
2014-11-03	692831	0	0	0	0	118	118	1848	0	5.9	0.9	0	0	0
2014-11-03	692887	0	0	0	0	69	69	1848	0	6	1	0	0	0
2014-11-03	692989	0	0	0	0	98	98	1848	0	8	3	0	0	0
2014-11-03	693397	0	0	0	0	108	108	1848	0	8	3	0	0	0
2014-11-03	694022	0	0	0	0	128	128	1848	0	6	1	0	0	0
2014-11-03	694031	0	0	0	0	148	148	1848	0	6	1	0	0	0
2014-11-03	694548	0	0	0	0	95	95	1848	0	10	5	0	0	0
2014-11-03	695669	0	0	0	0	128	128	1848	0	7	2	0	0	0
2014-11-03	698246	0	0	0	0	118	118	1848	0	6	1	0	0	0
2014-11-03	698258	0	0	0	0	158	158	1848	0	8	3	0	0	0
2014-11-03	698490	0	0	0	0	79	79	1848	0	6.4	1.4	0	0	0
2014-11-03	699769	0	0	0	0	118	118	1848	0	11	6	0	0	0
2014-11-03	700304	0	0	0	0	182	182	1848	0	9	4	0	0	0
2014-11-03	700505	0	0	0	0	130	130	1848	0	0	0	0	0	0
2014-11-03	700510	0	0	0	0	120	120	1848	0	0	0	0	0	0
2014-11-03	700770	0	0	0	0	158	158	1848	0	7.9	2.9	0	0	0
2014-11-03	700989	0	0	0	0	388	388	1848	0	0	0	0	0	0
2014-11-03	701058	0	0	0	0	118	118	1848	0	5.9	0.9	0	0	0
2014-11-03	701361	0	0	0	0	119	119	1848	0	12	7	0	0	0
2014-11-03	701876	0	0	0	0	128	128	1848	0	8	3	0	0	0
2014-11-03	701974	0	0	0	0	169	169	1848	0	8	3	0	0	0
2014-11-03	702637	0	0	0	0	148	148	1848	0	0	0	0	0	0
2014-11-03	703143	0	0	0	0	99	99	1848	0	7	2	0	0	0
2014-11-03	704193	0	0	0	0	88	88	1848	0	6.3	1.3	0	0	0
2014-11-03	704229	0	0	0	0	238	238	1848	0	11.9	6.9	0	0	0
2014-11-03	704320	0	0	0	0	168	168	1848	0	8.4	3.4	0	0	0
2014-11-03	704441	0	0	0	0	158	158	1848	0	8	3	0	0	0
2014-11-03	704772	0	0	0	0	80	80	1848	0	6.5	1.5	0	0	0
2014-11-03	705797	0	0	0	0	108	108	1848	0	10	5	0	0	0
2014-11-03	705889	0	0	0	0	188	188	1848	0	18	13	0	0	0
2014-11-03	706708	0	0	0	0	108	108	1848	0	9	4	0	0	0
2014-11-03	706730	0	0	0	0	498	498	1848	0	40	35	0	0	0
2014-11-03	706983	0	0	0	0	108	108	1848	0	8	3	0	0	0
2014-11-03	706994	0	0	0	0	108	108	1848	0	8	3	0	0	0
2014-11-03	706998	0	0	0	0	329	329	1848	0	0	0	0	0	0
2014-11-03	707315	0	0	0	0	138	138	1848	0	7	2	0	0	0
2014-11-03	708053	0	0	0	0	178	178	1848	0	0	0	0	0	0
2014-11-03	708175	0	0	0	0	128	128	1848	0	13	8	1	0	0
2014-11-03	708177	0	0	0	0	168	168	1848	0	17	12	0	0	0
2014-11-03	708180	0	0	2	0	158	158	1848	0	16	11	0	0	0
2014-11-03	708182	0	0	0	0	148	148	1848	0	15	10	0	0	0
2014-11-03	708185	0	0	0	0	238	238	1848	0	24	19	0	0	0
2014-11-03	708299	0	0	0	0	78	78	1848	0	8	3	0	0	0
2014-11-03	708883	0	0	0	0	138	145	1848	0	7	2	0	0	0
2014-11-03	708893	0	0	0	0	79	79	1848	0	7	2	0	0	0
2014-11-03	708909	0	0	0	0	118	118	1848	0	8	3	0	0	0
2014-11-03	708945	0	0	0	0	108	108	1848	0	8	3	0	0	0
2014-11-03	709356	0	0	0	0	145	145	1848	0	7	2	0	0	0
2014-11-03	709688	0	0	0	0	158	158	1848	0	6	1	0	0	0
2014-11-03	709739	0	0	0	0	188	188	1848	0	7	2	0	0	0
2014-11-03	709750	0	0	0	0	168	168	1848	0	6	1	0	0	0
2014-11-03	710438	0	0	0	0	108	108	1848	0	7	2	0	0	0
2014-11-03	710474	0	0	0	0	168	168	1848	0	8.4	3.4	0	0	0
2014-11-03	710481	0	0	0	0	128	128	1848	0	8	3	2	0	0
2014-11-03	711039	0	0	0	0	208	208	1848	0	10	5	0	0	0
2014-11-03	711092	0	0	0	0	125	125	1848	0	0	0	0	0	0
2014-11-03	711129	0	0	0	0	135	135	1848	0	0	0	0	0	0
2014-11-03	711507	0	0	0	0	198	198	1848	0	15.8	10.8	0	0	0
2014-11-03	711769	0	0	0	0	118	118	1848	0	0	0	0	0	0
2014-11-03	711932	0	0	0	0	119	119	1848	0	6	1	0	0	0
2014-11-03	712400	0	0	0	0	108	108	1848	0	0	0	0	0	0
2014-11-03	712603	0	0	0	0	168	168	1848	0	8	3	0	0	0
2014-11-03	712616	0	0	0	0	138	138	1848	0	7	2	0	0	0
2014-11-03	712637	0	0	0	0	138	138	1848	0	7	2	0	0	0
2014-11-03	712802	0	0	0	0	169	169	1848	0	0	0	0	0	0
2014-11-03	712908	0	0	0	0	178	178	1848	0	17	12	0	0	0
2014-11-03	713300	0	0	0	0	168	168	1848	0	0	0	0	0	0
2014-11-03	713591	0	0	0	0	129	129	1848	0	6	1	0	0	0
2014-11-03	714920	0	0	0	0	218	218	1848	0	6	1	0	0	0
2014-11-03	715004	0	0	0	0	283	283	1848	0	22	17	0	0	0
2014-11-03	715377	0	0	0	0	208	208	1848	0	8	3	0	0	0
2014-11-03	715509	0	0	0	0	128	128	1848	0	6	1	0	0	0
2014-11-03	715561	0	0	0	0	158	158	1848	0	7	2	0	0	0
2014-11-03	715580	0	0	0	0	88	138	1848	0	9	4	0	0	0
2014-11-03	716590	0	0	0	0	100	100	1848	0	8	3	0	0	0
2014-11-03	716595	0	0	0	0	138	0	1848	0	0	0	0	0	0
2014-11-03	716711	0	0	0	0	198	198	1848	0	16	11	0	0	0
2014-11-03	716734	0	0	1	0	148	148	1848	0	15	10	0	0	0
2014-11-03	717945	0	0	0	0	128	128	1848	0	6.4	1.4	0	0	0
2014-11-03	718570	0	0	0	0	98	39	1848	0	8	3	0	0	0
2014-11-03	720388	0	0	0	0	78	78	1848	0	8	3	0	0	0
2014-11-03	720499	0	0	0	0	199	199	1848	0	10	5	0	0	0
2014-11-03	720516	0	0	0	0	108	108	1848	0	0	0	0	0	0
2014-11-03	720586	0	0	0	0	138	138	1848	0	14	9	0	0	0
2014-11-03	720602	0	0	0	0	129	129	1848	0	7	2	0	0	0
2014-11-03	722702	0	0	0	0	139	139	1848	0	8	3	0	0	0
2014-11-03	723457	0	0	0	0	108	108	1848	0	8	3	0	0	0
2014-11-03	725790	0	0	0	0	108	108	1848	0	8	3	0	0	0
2014-11-03	729212	0	0	0	0	298	298	1848	0	0	0	0	0	0
2014-11-03	729407	0	0	0	0	108	108	1848	0	8	3	0	0	0
2014-11-03	729416	0	0	0	0	128	128	1848	0	7	2	0	0	0
2014-11-03	729455	0	0	0	0	138	138	1848	0	8	3	0	0	0
2014-11-03	729505	0	0	0	0	148	148	1848	0	8	3	0	0	0
2014-11-03	729586	0	0	0	0	99	99	1848	0	9.9	4.9	0	0	0
2014-11-03	729666	0	0	0	0	128	128	1848	0	7	2	0	0	0
2014-11-03	730489	0	0	0	0	228	228	1848	0	13	8	0	0	0
2014-11-03	730813	0	0	0	0	158	158	1848	0	8	3	0	0	0
2014-11-03	730832	0	0	0	0	138	138	1848	0	14	9	0	0	0
2014-11-03	730873	0	0	0	0	99	99	1848	0	6	1	0	0	0
2014-11-03	732011	0	0	0	0	138	138	1848	0	13.8	8.8	0	0	0
2014-11-03	732083	0	0	1	0	118	118	1848	0	11.8	6.8	1	0	0
2014-11-03	732382	0	0	0	0	119	119	1848	0	6	1	0	0	0
2014-11-03	732388	0	0	0	0	179	179	1848	0	9	4	0	0	0
2014-11-03	733481	0	0	0	0	130	130	1848	0	0	0	0	0	0
2014-11-03	733488	0	0	0	0	120	120	1848	0	0	0	0	0	0
2014-11-03	734638	0	0	0	0	108	108	1848	0	8	3	0	0	0
2014-11-03	736182	0	0	0	0	198	198	1848	0	0	0	0	0	0
2014-11-03	741271	0	0	0	0	388	388	1848	0	19.4	14.4	0	0	0
2014-11-03	742784	0	0	0	0	98	168	1848	0	7	2	0	0	0
2014-11-03	742866	0	0	0	0	298	298	1848	0	0	0	0	0	0
2014-11-03	742894	0	0	0	0	135	135	1848	0	10	5	0	0	0
2014-11-03	755714	0	0	0	0	118	118	1848	0	12	7	0	0	0
2014-11-03	756576	0	0	0	0	150	150	1848	0	15	10	0	0	0
2014-11-03	756983	0	0	0	0	129	147	1848	0	10	5	0	0	0
2014-11-03	760314	0	0	0	0	118	118	1848	0	8	3	0	0	0
2014-11-03	760346	0	0	0	0	118	118	1848	0	8	3	0	0	0
2014-11-03	760383	0	0	0	0	160	160	1848	0	10	5	0	0	0
2014-11-03	760846	0	0	0	0	88	88	1848	0	8	3	0	0	0
2014-11-03	761745	0	0	0	0	138	138	1848	0	10	5	0	0	0
2014-11-03	762203	0	0	0	0	255	255	1848	0	21	16	0	0	0
2014-11-03	762413	0	0	0	0	168	168	1848	0	8.4	3.4	0	0	0
2014-11-03	762436	0	0	0	0	148	148	1848	0	7.4	2.4	0	0	0
2014-11-03	763272	0	0	0	0	158	158	1848	0	8	3	0	0	0
2014-11-03	763551	0	0	0	0	90	90	1848	0	9	4	0	0	0
2014-11-03	765224	0	0	0	0	169	169	1848	0	6.38	1.38	0	0	0
2014-11-03	766252	0	0	0	0	138	138	1848	0	13	8	0	0	0
2014-11-03	767057	0	0	0	0	98	98	1848	0	8	3	0	0	0
2014-11-03	767904	0	0	0	0	128	128	1848	0	6	1	0	0	0
2014-11-03	768012	0	0	0	0	138	138	1848	0	6	1	0	0	0
2014-11-03	768634	0	0	0	0	108	108	1848	0	8	3	0	0	0
2014-11-03	768678	0	0	0	0	118	118	1848	0	8	3	0	0	0
2014-11-03	768944	0	0	0	0	129	129	1848	0	10	5	0	0	0
2014-11-03	768979	0	0	0	0	88	88	1848	0	9	4	0	0	0
2014-11-03	771592	0	0	0	0	95	95	1848	0	7	2	0	0	0
2014-11-03	771595	0	0	0	0	105	105	1848	0	7	2	0	0	0
2014-11-03	771597	0	0	0	0	138	138	1848	0	8	3	0	0	0
2014-11-03	772544	0	0	0	0	108	108	1848	0	10	5	0	0	0
2014-11-03	773115	0	0	0	0	128	128	1848	0	10	5	0	0	0
2014-11-03	773912	0	0	0	0	308	308	1848	0	0	0	0	0	0
2014-11-03	774250	0	0	0	0	78	78	1848	0	8	3	0	0	0
2014-11-03	774667	0	0	0	0	118	118	1848	0	7.08	2.08	0	0	0
2014-11-03	776855	0	0	0	0	188	188	1848	0	9.4	4.4	0	0	0
2014-11-03	778725	0	0	0	0	128	128	1848	0	7	2	0	0	0
2014-11-03	781137	0	0	0	0	65	65	1848	0	6	1	0	0	0
2014-11-03	781549	0	0	0	0	158	158	1848	0	8	3	0	0	0
2014-11-03	783383	0	0	0	0	118	88	1848	0	9	4	0	0	0
2014-11-03	784384	0	0	0	0	70	70	1848	0	7	2	0	0	0
2014-11-03	784989	0	0	0	0	168	168	1848	0	16	11	0	0	0
2014-11-03	786471	0	0	0	0	198	198	1848	0	9.9	4.9	0	0	0
2014-11-03	786750	0	0	0	0	128	128	1848	0	7.68	2.68	0	0	0
2014-11-03	787867	0	0	0	0	108	138	1848	0	11	6	0	0	0
2014-11-03	788307	0	0	0	0	118	118	1848	0	8	3	0	0	0
2014-11-03	788340	0	0	0	0	108	108	1848	0	8	3	0	0	0
2014-11-03	788567	0	0	0	0	98	98	1848	0	8	3	0	0	0
2014-11-03	788580	0	0	0	0	108	108	1848	0	8	3	0	0	0
2014-11-03	788675	0	0	0	0	118	118	1848	0	5.9	0.9	0	0	0
2014-11-03	788709	0	0	0	0	118	118	1848	0	5.9	0.9	0	0	0
2014-11-03	791159	0	0	0	0	80	80	1848	0	7	2	0	0	0
2014-11-03	792673	0	0	0	0	278	278	1848	0	28	23	0	0	0
2014-11-03	792848	0	0	0	0	128	128	1848	0	11	6	0	0	0
2014-11-03	793138	0	0	0	0	138	138	1848	0	0	0	0	0	0
2014-11-03	793328	0	0	0	0	118	118	1848	0	10	5	0	0	0
2014-11-03	793893	0	0	0	0	78	78	1848	0	8	3	0	0	0
2014-11-03	794201	0	0	0	0	138	138	1848	0	11	6	0	0	0
2014-11-03	794465	0	0	0	0	158	158	1848	0	11	6	0	0	0
2014-11-03	794946	0	0	0	0	90	90	1848	0	9	4	0	0	0
2014-11-03	795230	0	0	1	0	168	168	1848	0	16.8	11.8	0	0	0
2014-11-03	795241	0	0	0	0	138	138	1848	0	7	2	0	0	0
2014-11-03	795337	0	0	0	0	138	138	1848	0	14	9	0	0	0
2014-11-03	795797	0	0	0	0	88	88	1848	0	7	2	0	0	0
2014-11-03	795880	0	0	0	0	178	171.33	1848	0	9	4	0	0	0
2014-11-03	797896	0	0	0	0	118	118	1848	0	9	4	0	0	0
2014-11-03	797925	0	0	0	0	98	98	1848	0	9.8	4.8	0	0	0
2014-11-03	797982	0	0	0	0	138	138	1848	0	13	8	0	0	0
2014-11-03	798871	0	0	0	0	156	156	1848	0	7.48	2.48	0	0	0
2014-11-03	799050	0	0	0	0	128	128	1848	0	13	8	0	0	0
2014-11-03	799280	0	0	0	0	179	179	1848	0	9	4	0	0	0
2014-11-03	799515	0	0	0	0	76	76	1848	0	6	1	0	0	0
2014-11-03	799713	0	0	0	0	137	137	1848	0	0	0	0	0	0
2014-11-03	800596	0	0	0	0	56	56	1848	0	6	1	0	0	0
2014-11-03	802132	0	0	0	0	148	148	1848	0	8	3	0	0	0
2014-11-03	802259	0	0	0	0	119	119	1848	0	6	1	0	0	0
2014-11-03	802970	0	0	0	0	108	108	1848	0	0	0	0	0	0
2014-11-03	803142	0	0	0	0	158	158	1848	0	8	3	0	0	0
2014-11-03	803605	0	0	0	0	112	112	1848	0	12	7	0	0	0
2014-11-03	803625	0	0	0	0	112	112	1848	0	12	7	0	0	0
2014-11-03	804238	0	0	0	0	90	90	1848	0	10	5	0	0	0
2014-11-03	804277	0	0	0	0	110	110	1848	0	10	5	0	0	0
2014-11-03	804339	0	0	0	0	95	95	1848	0	9	4	0	0	0
2014-11-03	805019	0	0	0	0	128	128	1848	0	6	1	0	0	0
2014-11-03	805031	0	0	0	0	88	88	1848	0	8	3	0	0	0
2014-11-03	805111	0	0	0	0	98	98	1848	0	8	3	0	0	0
2014-11-03	805329	0	0	0	0	128	128	1848	0	12	7	0	0	0
2014-11-03	805389	0	0	0	0	128	128	1848	0	6	1	0	0	0
2014-11-03	805415	0	0	0	0	138	138	1848	0	7	2	0	0	0
2014-11-03	805573	0	0	0	0	88	88	1848	0	7	2	0	0	0
2014-11-03	805579	0	0	0	0	188	188	1848	0	0	0	0	0	0
2014-11-03	805597	0	0	0	0	98	98	1848	0	8	3	0	0	0
2014-11-03	805633	0	0	0	0	108	108	1848	0	8	3	0	0	0
2014-11-03	805673	0	0	0	0	98	98	1848	0	8	3	0	0	0
2014-11-03	805692	0	0	0	0	96	96	1848	0	7	2	0	0	0
2014-11-03	805699	0	0	0	0	88	88	1848	0	8	3	0	0	0
2014-11-03	807250	0	0	0	0	108	108	1848	0	7	2	0	0	0
2014-11-03	807736	0	0	0	0	145	145	1848	0	7	2	1	0	0
2014-11-03	807742	0	0	0	0	70	70	1848	0	6	1	0	0	0
2014-11-03	807961	0	0	0	0	98	98	1848	0	6	1	0	0	0
2014-11-03	808796	0	0	0	0	78	78	1848	0	6	1	1	0	0
2014-11-03	811162	0	0	0	0	148	148	1848	0	14	9	0	0	0
2014-11-03	811463	0	0	0	0	98	98	1848	0	8	3	0	0	0
2014-11-03	812444	0	0	0	0	138	138	1848	0	8	3	0	0	0
2014-11-03	814478	0	0	0	0	128	128	1848	0	10	5	0	0	0
2014-11-03	815208	0	0	0	0	179	179	1848	0	8.95	3.95	0	0	0
2014-11-03	816030	0	0	0	0	118	88	1848	0	10	5	1	0	0
2014-11-03	816726	0	0	0	0	88	88	1848	0	6	1	0	0	0
2014-11-03	817300	0	0	0	0	88	88	1848	0	7	2	0	0	0
2014-11-03	819243	0	0	0	0	128	135.33	1848	0	11	6	0	0	0
2014-11-03	831011	0	0	0	0	199	199	1848	0	10	5	0	0	0
2014-11-03	831117	0	0	0	0	158	158	1848	0	8	3	0	0	0
2014-11-03	831164	0	0	0	0	68	72	1848	0	7	2	0	0	0
2014-11-03	831183	0	0	0	0	70	70	1848	0	7	2	0	0	0
2014-11-03	831764	0	0	0	0	110	110	1848	0	11	6	0	0	0
2014-11-03	831797	0	0	0	0	85	85	1848	0	8	3	0	0	0
2014-11-03	833232	0	0	0	0	88	88	1848	0	7	2	0	0	0
2014-11-03	837704	0	0	0	0	168	168	1848	0	8.4	3.4	0	0	0
2014-11-03	837798	0	0	0	0	98	98	1848	0	6	1	0	0	0
2014-11-03	837820	0	0	0	0	147	147	1848	0	6	1	0	0	0
2014-11-03	838030	0	0	0	0	188	188	1848	0	9	4	0	0	0
2014-11-03	838537	0	0	0	0	118	118	1848	0	6	1	0	0	0
2014-11-03	838575	0	0	0	0	158	158	1848	0	7.9	2.9	0	0	0
2014-11-03	838625	0	0	0	0	128	128	1848	0	8	3	0	0	0
2014-11-03	839746	0	0	0	0	260	260	1848	0	0	0	0	0	0
2014-11-03	840031	0	0	0	0	99	99	1848	0	8	3	0	0	0
2014-11-03	840063	0	0	0	0	118	118	1848	0	9	4	0	0	0
2014-11-03	840180	0	0	0	0	138	138	1848	0	11	6	0	0	0
2014-11-03	840404	0	0	0	0	136	136	1848	0	10	5	0	0	0
2014-11-03	840583	0	0	0	0	166	166	1848	0	13	8	0	0	0
2014-11-03	840602	0	0	8	0	98	98	1848	0	7.8	2.8	0	0	0
2014-11-03	840623	0	0	0	0	106	106	1848	0	6	1	0	0	0
2014-11-03	841919	0	0	0	0	118	118	1848	0	6	1	0	0	0
2014-11-03	845375	0	0	0	0	118	118	1848	0	9	4	0	0	0
2014-11-03	845429	0	0	0	0	108	108	1848	0	8	3	0	0	0
2014-11-03	846059	0	0	0	0	98	98	1848	0	0	0	0	0	0
2014-11-03	847400	0	0	0	0	133	133	1848	0	13	8	0	0	0
2014-11-03	848498	0	0	0	0	108	108	1848	0	8	3	0	0	0
2014-11-03	848959	0	0	0	0	161	161	1848	0	19	14	0	0	0
2014-11-03	849705	0	0	0	0	188	188	1848	0	9.4	4.4	0	0	0
2014-11-03	850196	0	0	0	0	128	128	1848	0	12	7	0	0	0
2014-11-03	850289	0	0	0	0	79	79	1848	0	7.9	2.9	0	0	0
2014-11-03	850379	0	0	0	0	138	138	1848	0	7	2	0	0	0
2014-11-03	850863	0	0	0	0	138	138	1848	0	0	0	0	0	0
2014-11-03	850883	0	0	0	0	78	78	1848	0	6	1	0	0	0
2014-11-03	851133	0	0	0	0	110	110	1848	0	10	5	0	0	0
2014-11-03	851152	0	0	0	0	160	160	1848	0	8	3	0	0	0
2014-11-03	851210	0	0	0	0	140	140	1848	0	7	2	0	0	0
2014-11-03	851248	0	0	0	0	130	130	1848	0	6	1	0	0	0
2014-11-03	886902	0	0	0	0	147	147	1848	0	7	2	0	0	0
2014-11-03	889110	0	0	0	0	99	99	1848	0	6	1	0	0	0
2014-11-03	889623	0	0	0	0	109	109	1848	0	8	3	0	0	0
2014-11-03	889684	0	0	0	0	159	159	1848	0	12	7	0	0	0
2014-11-03	889821	0	0	0	0	118	118	1848	0	6	1	0	0	0
2014-11-03	889831	0	0	0	0	138	138	1848	0	11	6	0	0	0
2014-11-03	890972	0	0	0	0	89	89	1848	0	9	4	0	0	0
2014-11-03	892039	0	0	0	0	118	118	1848	0	6	1	0	0	0
2014-11-03	892591	0	0	0	0	180	180	1848	0	14.4	9.4	0	0	0
2014-11-03	892594	0	0	0	0	180	180	1848	0	18	13	3	0	0
2014-11-03	892724	0	0	0	0	118	98	1848	0	12	7	0	0	0
2014-11-03	892753	0	0	0	0	138	138	1848	0	8	3	0	0	0
2014-11-03	892787	0	0	0	0	88	88	1848	0	7	2	0	0	0
2014-11-03	892866	0	0	0	0	108	119	1848	0	6.48	1.48	0	0	0
2014-11-03	893073	0	0	0	0	138	138	1848	0	8	3	0	0	0
2014-11-03	916871	0	0	0	0	68	68	1848	0	7	2	0	0	0
2014-11-03	917636	0	0	0	0	98	98	1848	0	9.8	4.8	0	0	0
2014-11-03	919485	0	0	0	0	118	118	1848	0	8	3	0	0	0
2014-11-03	921883	0	0	0	0	198	198	1848	0	10	5	0	0	0
2014-11-03	922453	0	0	0	0	158	158	1848	0	8	3	0	0	0
2014-11-03	922856	0	0	0	0	280	0	1848	0	0	0	0	0	0
2014-11-03	923294	0	0	0	0	88	88	1848	0	7	2	0	0	0
2014-11-03	927936	0	0	0	0	108	108	1848	0	6	1	0	0	0
2014-11-03	927978	0	0	0	0	80	80	1848	0	8	3	0	0	0
2014-11-03	932517	0	0	0	0	230	230	1848	0	23	18	0	0	0
2014-11-03	933244	0	0	0	0	119	119	1848	0	5.95	0.95	0	0	0
2014-11-03	933270	0	0	0	0	120	120	1848	0	6	1	0	0	0
2014-11-03	933912	0	0	0	0	99	99	1848	0	9	4	0	0	0
2014-11-03	934334	0	0	0	0	158	178	1848	0	16	11	0	0	0
2014-11-03	934343	0	0	0	0	138	158	1848	0	14	9	0	0	0
2014-11-03	937600	0	0	0	0	168	168	1848	0	14	9	0	0	0
2014-11-03	939302	0	0	0	0	88	88	1848	0	7	2	0	0	0
2014-11-03	939597	0	0	0	0	178	178	1848	0	18	13	0	0	0
2014-11-03	939657	0	0	0	0	188	188	1848	0	20	15	0	0	0
2014-11-03	940011	0	0	0	0	118	118	1848	0	6	1	0	0	0
2014-11-03	940348	0	0	0	0	118	118	1848	0	6	1	0	0	0
2014-11-03	940519	0	0	0	0	160	160	1848	0	8	3	0	0	0
2014-11-03	940732	0	0	0	0	188	188	1848	0	8	3	0	0	0
2014-11-03	942092	0	0	0	0	238	279	1848	0	12	7	0	0	0
2014-11-03	942527	0	0	0	0	120	120	1848	0	6	1	0	0	0
2014-11-03	942541	0	0	0	0	150	150	1848	0	20	15	0	0	0
2014-11-03	942599	0	0	0	0	69	69	1848	0	6.9	1.9	0	0	0
2014-11-03	942963	0	0	0	0	89	89	1848	0	8.9	3.9	0	0	0
2014-11-03	945372	0	0	0	0	138	138	1848	0	6.9	1.9	0	0	0
2014-11-03	945450	0	0	0	0	158	158	1848	0	7.9	2.9	0	0	0
2014-11-03	945923	0	0	0	0	79	79	1848	0	8	3	0	0	0
2014-11-03	946114	0	0	0	0	60	60	1848	0	6	1	0	0	0
2014-11-03	946516	0	0	0	0	358	251.33	1848	0	0	0	0	0	0
2014-11-03	946822	0	0	0	0	108	138	1848	0	11	6	0	0	0
2014-11-03	946893	0	0	0	0	88	88	1848	0	8	3	0	0	0
2014-11-03	947147	0	0	0	0	138	138	1848	0	13	8	0	0	0
2014-11-03	949676	0	0	0	0	260	260	1848	0	13	8	0	0	0
2014-11-03	950153	0	0	0	0	118	111.33	1848	0	16	11	0	0	0
2014-11-03	950247	0	0	0	0	56	56	1848	0	5.6	0.6	0	0	0
2014-11-03	952318	0	0	0	0	88	88	1848	0	7	2	0	0	0
2014-11-03	952923	0	0	0	0	158	158	1848	0	9.48	4.48	0	0	0
2014-11-03	953003	0	0	0	0	228	228	1848	0	13.68	8.68	0	0	0
2014-11-03	953046	0	0	0	0	75	75	1848	0	6	1	0	0	0
2014-11-03	954126	0	0	0	0	168	198	1848	0	10	5	0	0	0
2014-11-03	954453	0	0	0	0	138	138	1848	0	6	1	0	0	0
2014-11-03	954788	0	0	0	0	179	179	1848	0	17	12	0	0	0
2014-11-03	955451	0	0	0	0	128	128	1848	0	6	1	0	0	0
2014-11-03	955593	0	0	0	0	118	118	1848	0	6	1	0	0	0
2014-11-03	956433	0	0	0	0	139	259	1848	0	8.34	3.34	0	0	0
2014-11-03	956502	0	0	0	0	209	369	1848	0	12.54	7.54	0	0	0
2014-11-03	956665	0	0	0	0	150	150	1848	0	15	10	0	0	0
2014-11-03	957293	0	0	0	0	178	178	1848	0	12	7	0	0	0
2014-11-03	957778	0	0	0	0	368	368	1848	0	30	25	0	0	0
2014-11-03	958003	0	0	0	0	118	118	1848	0	6	1	0	0	0
2014-11-03	958062	0	0	0	0	138	138	1848	0	7	2	0	0	0
2014-11-03	962860	0	0	0	0	128	99	1848	0	10	5	0	0	0
2014-11-03	963179	0	0	0	0	269	439	1848	0	16.14	11.14	0	0	0
2014-11-03	964746	0	0	0	0	158	158	1848	0	8	3	0	0	0
2014-11-03	964902	0	0	0	0	110	110	1848	0	10	5	0	0	0
2014-11-03	964905	0	0	0	0	128	128	1848	0	6	1	0	0	0
2014-11-03	965543	0	0	0	0	218	218	1848	0	0	0	0	0	0
2014-11-03	967718	0	0	0	0	158	158	1848	0	13	8	0	0	0
2014-11-03	967776	0	0	0	0	159	159	1848	0	8	3	0	0	0
2014-11-03	968174	0	0	0	0	158	158	1848	0	8	3	4	0	0
2014-11-03	968508	0	0	0	0	108	108	1848	0	8	3	0	0	0
2014-11-03	968734	0	0	0	0	198	198	1848	0	20	15	0	0	0
2014-11-03	968952	0	0	0	0	98	98	1848	0	0	0	0	0	0
2014-11-03	969028	0	0	0	0	178	178	1848	0	14.2	9.2	0	0	0
2014-11-03	972403	0	0	0	0	77	77	1848	0	7	2	0	0	0
2014-11-03	972666	0	0	0	0	158	158	1848	0	8	3	0	0	0
2014-11-03	973424	0	0	0	0	99	99	1848	0	8	3	0	0	0
2014-11-03	974316	0	0	0	0	259	259	1848	0	20.7	15.7	0	0	0
2014-11-03	974356	0	0	0	0	319	319	1848	0	25.5	20.5	0	0	0
2014-11-03	974400	0	0	0	0	160	160	1848	0	16	11	0	0	0
2014-11-03	974445	0	0	0	0	230	230	1848	0	23	18	0	0	0
2014-11-03	974735	0	0	0	0	228	228	1848	0	30	25	0	0	0
2014-11-03	974961	0	0	0	0	158	158	1848	0	12.6	7.6	0	0	0
2014-11-03	975017	0	0	0	0	218	218	1848	0	17.4	12.4	0	0	0
2014-11-03	975887	0	0	0	0	128	128	1848	0	7	2	0	0	0
2014-11-03	981161	0	0	0	0	108	108	1848	0	10	5	0	0	0
2014-11-03	984130	0	0	0	0	138	138	1848	0	7	2	0	0	0
2014-11-03	984837	0	0	0	0	268	268	1848	0	0	0	0	0	0
2014-11-03	988999	0	0	0	0	128	128	1848	0	7	2	0	0	0
2014-11-03	999232	0	0	0	0	198	198	1848	0	10	5	0	0	0
2014-11-03	999347	0	0	0	0	288	288	1848	0	23	18	0	0	0
2014-11-03	999429	0	0	0	0	148	148	1848	0	7.4	2.4	0	0	0
2014-11-03	999496	0	0	0	0	278	278	1848	0	14	9	0	0	0
2014-11-03	999527	0	0	0	0	188	188	1848	0	9.4	4.4	0	0	0
2014-11-03	999815	0	0	0	0	228	228	1848	0	0	0	0	0	0
2014-11-03	1000768	0	0	0	0	128	128	1848	0	7.68	2.68	0	0	0
2014-11-03	1001818	0	0	0	0	160	160	1848	0	8	3	0	0	0
2014-11-03	1001980	0	0	0	0	156	156	1848	0	0	0	0	0	0
2014-11-03	1001992	0	0	0	0	198	198	1848	0	9.9	4.9	0	0	0
2014-11-03	1002626	0	0	0	0	138	138	1848	0	7	2	0	0	0
2014-11-03	1002759	0	0	0	0	338	338	1848	0	16.9	11.9	0	0	0
2014-11-03	1002854	0	0	0	0	568	568	1848	0	28.4	23.4	0	0	0
2014-11-03	1002890	0	0	0	0	668	668	1848	0	33.4	28.4	0	0	0
2014-11-03	1006212	0	0	0	0	159	159	1848	0	11	6	0	0	0
2014-11-03	1008742	0	0	0	0	158	158	1848	0	9.48	4.48	0	0	0
2014-11-03	1009086	0	0	0	0	126	126	1848	0	7.56	2.56	0	0	0
2014-11-03	1009151	0	0	0	0	166	166	1848	0	9.96	4.96	0	0	0
2014-11-03	1009154	0	0	0	0	56	60	1848	0	6	1	0	0	0
2014-11-03	1010854	0	0	0	0	98	98	1848	0	9.8	4.8	0	0	0
2014-11-03	1010954	0	0	0	0	76	76	1848	0	7.6	2.6	0	0	0
2014-11-03	1015054	0	0	0	0	148	148	1848	0	11.84	6.84	0	0	0
2014-11-03	1015209	0	0	0	0	208	208	1848	0	20.8	15.8	0	0	0
2014-11-03	1015615	0	0	0	0	360	360	1848	0	18	13	0	0	0
2014-11-03	1015739	0	0	0	0	460	460	1848	0	23	18	0	0	0
2014-11-03	1015800	0	0	0	0	188	188	1848	0	9	4	0	0	0
2014-11-03	1015819	0	0	0	0	208	208	1848	0	10	5	0	0	0
2014-11-03	1015837	0	0	0	0	268	268	1848	0	13	8	0	0	0
2014-11-03	1015868	0	0	0	0	88	88	1848	0	8	3	0	0	0
2014-11-03	1016487	0	0	0	0	168	168	1848	0	11.76	6.76	0	0	0
2014-11-03	1016916	0	0	0	0	238	238	1848	0	11.9	6.9	0	0	0
2014-11-03	1017405	0	0	0	0	148	148	1848	0	11.84	6.84	0	0	0
2014-11-03	1017441	0	0	0	0	128	128	1848	0	10.24	5.24	0	0	0
2014-11-03	1018725	0	0	0	0	96	96	1848	0	0	0	0	0	0
2014-11-03	1018895	0	0	0	0	139	159	1848	0	12	7	0	0	0
2014-11-03	1019213	0	0	0	0	178	178	1848	0	14	9	0	0	0
2014-11-03	1024934	0	0	0	0	137	137	1848	0	7	2	0	0	0
2014-11-03	1025006	0	0	0	0	118	118	1848	0	8	3	1	0	0
2014-11-03	1025714	0	0	0	0	78	78	1848	0	6	1	0	0	0
2014-11-03	1025787	0	0	1	0	98	98	1848	0	9	4	0	0	0
2014-11-03	1025919	0	0	0	0	238	238	1848	0	12	7	0	0	0
2014-11-03	1026133	0	0	0	0	358	358	1848	0	35.8	30.8	0	0	0
2014-11-03	1026528	0	0	0	0	98	98	1848	0	8	3	0	0	0
2014-11-03	1026752	0	0	0	0	180	180	1848	0	18	13	0	0	0
2014-11-03	1027086	0	0	0	0	178	174.67	1848	0	9	4	0	0	0
2014-11-03	1031273	0	0	0	0	78	78	1848	0	8	3	0	0	0
2014-11-03	1031354	0	0	0	0	108	108	1848	0	11	6	0	0	0
2014-11-03	1031760	0	0	0	0	88	88	1848	0	9	4	0	0	0
2014-11-03	1033729	0	0	0	0	279	279	1848	0	19.53	14.53	0	0	0
2014-11-03	1034017	0	0	0	0	280	280	1848	0	22	17	0	0	0
2014-11-03	1034175	0	0	0	0	90	90	1848	0	9	4	1	0	0
2014-11-03	1034353	0	0	0	0	108	108	1848	0	8	3	0	0	0
2014-11-03	1034875	0	0	0	0	99	99	1848	0	9	4	0	0	0
2014-11-03	1035069	0	0	0	0	109	109	1848	0	9	4	0	0	0
2014-11-03	1035866	0	0	0	0	279	279	1848	0	0	0	0	0	0
2014-11-03	1035982	0	0	0	0	118	118	1848	0	6	1	0	0	0
2014-11-03	1050270	0	0	0	0	138	138	1848	0	6	1	0	0	0
2014-11-03	1050589	0	0	0	0	128	128	1848	0	6	1	0	0	0
2014-11-03	1050958	0	0	0	0	78	78	1848	0	8	3	0	0	0
2014-11-03	1050967	0	0	0	0	88	88	1848	0	8	3	0	0	0
2014-11-03	1051194	0	0	0	0	119	119	1848	0	12	7	0	0	0
2014-11-03	1051308	0	0	0	0	398	398	1848	0	32	27	0	0	0
2014-11-03	1051340	0	0	0	0	168	168	1848	0	13	8	0	0	0
2014-11-03	1051807	0	0	0	0	128	128	1848	0	13	8	0	0	0
2014-11-03	1052003	0	0	0	0	148	148	1848	0	8	3	0	0	0
2014-11-03	1052009	0	0	0	0	158	158	1848	0	8	3	0	0	0
2014-11-03	1052065	0	0	0	0	168	168	1848	0	8	3	0	0	0
2014-11-03	1052613	0	0	0	0	188	234.67	1848	0	9.4	4.4	0	0	0
2014-11-03	1052647	0	0	0	0	148	184.67	1848	0	7.4	2.4	0	0	0
2014-11-03	1053103	0	0	0	0	98	98	1848	0	8	3	0	0	0
2014-11-03	1053222	0	0	0	0	94	94	1848	0	6	1	0	0	0
2014-11-03	1054486	0	0	0	0	118	151.33	1848	0	5.9	0.9	0	0	0
2014-11-03	1057302	0	0	0	0	280	280	1848	0	28	23	0	0	0
2014-11-03	1058318	0	0	0	0	219	219	1848	0	11	6	0	0	0
2014-11-03	1060202	0	0	0	0	118	118	1848	0	9.44	4.44	0	0	0
2014-11-03	1060324	0	0	0	0	98	98	1848	0	7.84	2.84	0	0	0
2014-11-03	1060425	0	0	0	0	178	178	1848	0	0	0	0	0	0
2014-11-03	1060622	0	0	0	0	108	108	1848	0	8	3	0	0	0
2014-11-03	1062017	0	0	0	0	108	108	1848	0	5.4	0.4	0	0	0
2014-11-03	1062634	0	0	0	0	218	218	1848	0	8	3	0	0	0
2014-11-03	1065885	0	0	0	0	128	128	1848	0	7	2	0	0	0
2014-11-03	1065960	0	0	0	0	128	128	1848	0	7	2	0	0	0
2014-11-03	1067751	0	0	0	0	68	68	1848	0	6.8	1.8	0	0	0
2014-11-03	1068210	0	0	0	0	99	99	1848	0	7	2	0	0	0
2014-11-03	1068751	0	0	0	0	78	78	1848	0	7.8	2.8	0	0	0
2014-11-03	1069662	0	0	0	0	128	128	1848	0	0	0	0	0	0
2014-11-03	1070115	0	0	0	0	288	288	1848	0	30	25	0	0	0
2014-11-03	1071973	0	0	0	0	159	159	1848	0	12.7	7.7	0	0	0
2014-11-03	1072087	0	0	0	0	138	138	1848	0	8	3	0	0	0
2014-11-03	1072292	0	0	0	0	128	128	1848	0	6.4	1.4	0	0	0
2014-11-03	1072381	0	0	0	0	218	218	1848	0	16	11	0	0	0
2014-11-03	1072531	0	0	0	0	128	128	1848	0	7	2	0	0	0
2014-11-03	1073208	0	0	0	0	128	128	1848	0	7.7	2.7	0	0	0
2014-11-03	1073989	0	0	0	0	138	138	1848	0	6.9	1.9	0	0	0
2014-11-03	1074373	0	0	0	0	98	128	1848	0	7	2	0	0	0
2014-11-03	1074982	0	0	0	0	168	168	1848	0	16.8	11.8	0	0	0
2014-11-03	1080059	0	0	1	0	158	158	1848	0	8	3	0	0	0
2014-11-03	1080387	0	0	0	0	108	108	1848	0	5.4	0.4	0	0	0
2014-11-03	1080454	0	0	0	0	128	128	1848	0	6	1	0	0	0
2014-11-03	1080480	0	0	0	0	158	158	1848	0	7.9	2.9	0	0	0
2014-11-03	1080697	0	0	0	0	99	169	1848	0	0	0	0	0	0
2014-11-03	1081471	0	0	0	0	79	199	1848	0	4.8	-0.2	0	0	0
2014-11-03	1081970	0	0	0	0	138	138	1848	0	7	2	0	0	0
2014-11-03	1082697	0	0	0	0	119	119	1848	0	9	4	0	0	0
2014-11-03	1083047	0	0	0	0	129	129	1848	0	8	3	0	0	0
2014-11-03	1083571	0	0	0	0	159	159	1848	0	8	3	0	0	0
2014-11-03	1083573	0	0	2	0	148	148	1848	0	8	3	0	0	0
2014-11-03	1083656	0	0	0	0	179	179	1848	0	9	4	0	0	0
2014-11-03	1084397	0	0	0	0	178	178	1848	0	8	3	0	0	0
2014-11-03	1088870	0	0	0	0	109	109	1848	0	9	4	0	0	0
2014-11-03	1089673	0	0	0	0	108	108	1848	0	8	3	0	0	0
2014-11-03	1089878	0	0	0	0	110	110	1848	0	10	5	0	0	0
2014-11-03	1090315	0	0	0	0	108	108	1848	0	8	3	0	0	0
2014-11-03	1090554	0	0	0	0	258	258	1848	0	0	0	0	0	0
2014-11-03	1091044	0	0	0	0	128	128	1848	0	7	2	0	0	0
2014-11-03	1091091	0	0	0	0	148	148	1848	0	8	3	0	0	0
2014-11-03	1091540	0	0	0	0	80	80	1848	0	8	3	0	0	0
2014-11-03	1092979	0	0	0	0	78	78	1848	0	7	2	0	0	0
2014-11-03	1095192	0	0	0	0	358	358	1848	0	0	0	0	0	0
2014-11-03	1095256	0	0	0	0	68	68	1848	0	7	2	0	0	0
2014-11-03	1095286	0	0	0	0	139	139	1848	0	6	1	0	0	0
2014-11-03	1108875	0	0	0	0	118	198	1848	0	0	0	0	0	0
2014-11-03	1109033	0	0	0	0	98	98	1848	0	10	5	0	0	0
2014-11-03	1109080	0	0	0	0	78	78	1848	0	8	3	0	0	0
2014-11-03	1110417	0	0	0	0	228	498	1848	0	23	18	0	0	0
2014-11-03	1110918	0	0	0	0	228	228	1848	0	12	7	0	0	0
2014-11-03	1110986	0	0	0	0	298	298	1848	0	18	13	0	0	0
2014-11-03	1111166	0	0	0	0	89	89	1848	0	8	3	0	0	0
2014-11-03	1111259	0	0	0	0	109	109	1848	0	11	6	0	0	0
2014-11-03	1111273	0	0	0	0	87	127	1848	0	6	1	0	0	0
2014-11-03	1111973	0	0	0	0	118	118	1848	0	6	1	0	0	0
2014-11-03	1113021	0	0	0	0	68	68	1848	0	7	2	0	0	0
2014-11-03	1113100	0	0	0	0	98	98	1848	0	9	4	0	0	0
2014-11-03	1113265	0	0	0	0	89	89	1848	0	8.9	3.9	0	0	0
2014-11-03	1116213	0	0	0	0	118	118	1848	0	11.8	6.8	0	0	0
2014-11-03	1116633	0	0	0	0	502	502	1848	0	50	45	0	0	0
2014-11-03	1116784	0	0	0	0	243	243	1848	0	24	19	0	0	0
2014-11-03	1117616	0	0	0	0	138	138	1848	0	14	9	0	0	0
2014-11-03	1117880	0	0	0	0	173	173	1848	0	17	12	0	0	0
2014-11-03	1117915	0	0	0	0	188	188	1848	0	19	14	0	0	0
2014-11-03	1117971	0	0	0	0	220	220	1848	0	22	17	0	0	0
2014-11-03	1117988	0	0	0	0	78	98	1848	0	7	2	0	0	0
2014-11-03	1118142	0	0	0	0	88	88	1848	0	8	3	0	0	0
2014-11-03	1119101	0	0	0	0	158	158	1848	0	10	5	2	0	0
2014-11-03	1119196	0	0	0	0	98	98	1848	0	8	3	0	0	0
2014-11-03	1120987	0	0	0	0	179	179	1848	0	9	4	0	0	0
2014-11-03	1121343	0	0	0	0	218	218	1848	0	11	6	0	0	0
2014-11-03	1121563	0	0	0	0	238	238	1848	0	19	14	0	0	0
2014-11-03	1121809	0	0	0	0	158	158	1848	0	8	3	0	0	0
2014-11-03	1122240	0	0	0	0	228	228	1848	0	12	7	0	0	0
2014-11-03	1122417	0	0	0	0	198	198	1848	0	10	5	0	0	0
2014-11-03	1122471	0	0	0	0	358	358	1848	0	14	9	0	0	0
2014-11-03	1122875	0	0	0	0	138	138	1848	0	7	2	0	0	0
2014-11-03	1123187	0	0	0	0	139	139	1848	0	7	2	0	0	0
2014-11-03	1126282	0	0	0	0	89	89	1848	0	9	4	0	0	0
2014-11-03	1127003	0	0	0	0	168	168	1848	0	8	3	0	0	0
2014-11-03	1127190	0	0	0	0	218	218	1848	0	11	6	0	0	0
2014-11-03	1127305	0	0	0	0	158	158	1848	0	0	0	0	0	0
2014-11-03	1127344	0	0	0	0	118	118	1848	0	0	0	0	0	0
2014-11-03	1128394	0	0	0	0	158	158	1848	0	0	0	0	0	0
2014-11-03	1129684	0	0	0	0	288	288	1848	0	8	3	0	0	0
2014-11-03	1130130	0	0	0	0	60	60	1848	0	6	1	0	0	0
2014-11-03	1130422	0	0	0	0	109	109	1848	0	9	4	0	0	0
2014-11-03	1130734	0	0	0	0	118	118	1848	0	0	0	0	0	0
2014-11-03	1130988	0	0	0	0	128	152	1848	0	13	8	0	0	0
2014-11-03	1131041	0	0	0	0	138	138	1848	0	0	0	0	0	0
2014-11-03	1131124	0	0	0	0	148	154.67	1848	0	14	9	0	0	0
2014-11-03	1131167	0	0	0	0	168	174.67	1848	0	15	10	0	0	0
2014-11-03	1134772	0	0	0	0	650	650	1848	0	65	60	0	0	0
2014-11-03	1135067	0	0	0	0	158	249	1848	0	12	7	0	0	0
2014-11-03	1135118	0	0	0	0	148	228	1848	0	15	10	0	0	0
2014-11-03	1135474	0	0	0	0	128	128	1848	0	8	3	0	0	0
2014-11-03	1135691	0	0	0	0	158	138	1848	0	16	11	0	0	0
2014-11-03	1136042	0	0	0	0	178	178	1848	0	9	4	0	0	0
2014-11-03	1136119	0	0	0	0	218	218	1848	0	0	0	0	0	0
2014-11-03	1136133	0	0	0	0	168	168	1848	0	8	3	0	0	0
2014-11-03	1136139	0	0	0	0	280	280	1848	0	8	3	0	0	0
2014-11-03	1137013	0	0	0	0	178	178	1848	0	13	8	0	0	0
2014-11-03	1137043	0	0	0	0	158	158	1848	0	12	7	0	0	0
2014-11-03	1137063	0	0	0	0	238	238	1848	0	23	18	0	0	0
2014-11-03	1137081	0	0	0	0	288	288	1848	0	28	23	0	0	0
2014-11-03	1137325	0	0	0	0	180	180	1848	0	9	4	0	0	0
2014-11-03	1137431	0	0	0	0	188	188	1848	0	9	4	0	0	0
2014-11-03	1137746	0	0	0	0	168	168	1848	0	8.4	3.4	0	0	0
2014-11-03	1137759	0	0	0	0	177	177	1848	0	9	4	2	0	0
2014-11-03	1137957	0	0	0	0	88	88	1848	0	8	3	0	0	0
2014-11-03	1138062	0	0	0	0	138	138	1848	0	8	3	0	0	0
2014-11-03	1138130	0	0	0	0	108	158	1848	0	8	3	0	0	0
2014-11-03	1138411	0	0	0	0	168	168	1848	0	8	3	0	0	0
2014-11-03	1139580	0	0	1	0	199	199	1848	0	10	5	0	0	0
2014-11-03	1139682	0	0	0	0	163	163	1848	0	8	3	0	0	0
2014-11-03	1140424	0	0	0	0	158	158	1848	0	16	11	0	0	0
2014-11-03	1140512	0	0	0	0	188	188	1848	0	8	3	0	0	0
2014-11-03	1140531	0	0	0	0	298	298	1848	0	11.92	6.92	0	0	0
2014-11-03	1140621	0	0	0	0	128	128	1848	0	13	8	0	0	0
2014-11-03	1140747	0	0	0	0	168	168	1848	0	16	11	0	0	0
2014-11-03	1140817	0	0	0	0	150	150	1848	0	12	7	0	0	0
2014-11-03	1140951	0	0	0	0	168	168	1848	0	12	7	0	0	0
2014-11-03	1141140	0	0	0	0	165	165	1848	0	8	3	0	0	0
2014-11-03	1141318	0	0	0	0	88	117	1848	0	0	0	0	0	0
2014-11-03	1141327	0	0	1	0	138	138	1848	0	8	3	0	0	0
2014-11-03	1141349	0	0	0	0	168	168	1848	0	8.4	3.4	0	0	0
2014-11-03	1145210	0	0	0	0	78	78	1848	0	8	3	0	0	0
2014-11-03	1145311	0	0	0	0	88	88	1848	0	8	3	0	0	0
2014-11-03	1146324	0	0	0	0	128	128	1848	0	13	8	0	0	0
2014-11-03	1146835	0	0	0	0	258	258	1848	0	20	15	0	0	0
2014-11-03	1146965	0	0	0	0	66	66	1848	0	6	1	0	0	0
2014-11-03	1147469	0	0	0	0	128	128	1848	0	10.2	5.2	0	0	0
2014-11-03	1147755	0	0	0	0	158	158	1848	0	8	3	0	0	0
2014-11-03	1147929	0	0	0	0	88	88	1848	0	7	2	0	0	0
2014-11-03	1149041	0	0	0	0	138	138	1848	0	14	9	0	0	0
2014-11-03	1149386	0	0	0	0	108	98	1848	0	6	1	0	0	0
2014-11-03	1149703	0	0	0	0	129	139	1848	0	8	3	0	0	0
2014-11-03	1149771	0	0	0	0	138	138	1848	0	6	1	0	0	0
2014-11-03	1149855	0	0	0	0	179	179	1848	0	5.4	0.4	0	0	0
2014-11-03	1149924	0	0	0	0	178	198	1848	0	17.8	12.8	0	0	0
2014-11-03	1150114	0	0	0	0	198	198	1848	0	12	7	0	0	0
2014-11-03	1150700	0	0	0	0	79	79	1848	0	6	1	0	0	0
2014-11-03	1150917	0	0	0	0	120	120	1848	0	10	5	0	0	0
2014-11-03	1151052	0	0	0	0	79	109	1848	0	4.8	-0.2	0	0	0
2014-11-03	1151383	0	0	0	0	96	96	1848	0	7	2	0	0	0
2014-11-03	1151645	0	0	0	0	218	218	1848	0	11	6	0	0	0
2014-11-03	1151789	0	0	0	0	158	158	1848	0	12.5	7.5	0	0	0
2014-11-03	1152126	0	0	0	0	90	90	1848	0	9	4	0	0	0
2014-11-03	1155205	0	0	0	0	148	148	1848	0	14	9	0	0	0
2014-11-03	1155958	0	0	0	0	258	258	1848	0	8	3	0	0	0
2014-11-03	1156614	0	0	0	0	108	108	1848	0	8	3	0	0	0
2014-11-03	1157595	0	0	0	0	198	198	1848	0	10	5	0	0	0
2014-11-03	1166218	0	0	0	0	160	168	1848	0	10	5	0	0	0
2014-11-03	1166665	0	0	0	0	88	88	1848	0	7	2	0	0	0
2014-11-03	1167307	0	0	0	0	148	148	1848	0	7	2	0	0	0
2014-11-03	1167461	0	0	0	0	128	128	1848	0	6	1	0	0	0
2014-11-03	1167764	0	0	0	0	109	109	1848	0	9	4	1	0	0
2014-11-03	1167894	0	0	0	0	109	109	1848	0	9	4	0	0	0
2014-11-03	1168014	0	0	2	0	109	109	1848	0	9	4	0	0	0
2014-11-03	1168301	0	0	0	0	238	238	1848	0	20	15	0	0	0
2014-11-03	1168332	0	0	0	0	88	88	1848	0	8	3	0	0	0
2014-11-03	1168821	0	0	0	0	109	109	1848	0	9	4	0	0	0
2014-11-03	1169057	0	0	0	0	128	128	1848	0	8	3	0	0	0
2014-11-03	1169124	0	0	0	0	138	138	1848	0	8	3	0	0	0
2014-11-03	1169210	0	0	0	0	118	118	1848	0	8	3	0	0	0
2014-11-03	1169635	0	0	0	0	108	108	1848	0	0	0	0	0	0
2014-11-03	1169654	0	0	0	0	168	168	1848	0	8.4	3.4	0	0	0
2014-11-03	1169722	0	0	0	0	158	158	1848	0	0	0	0	0	0
2014-11-03	1170234	0	0	0	0	128	128	1848	0	6	1	0	0	0
2014-11-03	1170269	0	0	0	0	96	96	1848	0	6	1	0	0	0
2014-11-03	1170282	0	0	0	0	88	88	1848	0	6	1	0	0	0
2014-11-03	1172149	0	0	0	0	138	138	1848	0	8	3	0	0	0
2014-11-03	1172288	0	0	0	0	138	138	1848	0	7	2	0	0	0
2014-11-03	1173181	0	0	0	0	168	168	1848	0	9	4	0	0	0
2014-11-03	1173320	0	0	0	0	188	188	1848	0	9	4	0	0	0
2014-11-03	1173361	0	0	0	0	498	498	1848	0	25	20	0	0	0
2014-11-03	1173386	0	0	0	0	598	598	1848	0	30	25	0	0	0
2014-11-03	1173465	0	0	0	0	698	698	1848	0	35	30	0	0	0
2014-11-03	1173720	0	0	0	0	119	119	1848	0	6	1	0	0	0
2014-11-03	1174170	0	0	0	0	216	216	1848	0	21	16	0	0	0
2014-11-03	1177255	0	0	0	0	138	178	1848	0	14	9	0	0	0
2014-11-03	1177298	0	0	0	0	198	198	1848	0	19.8	14.8	0	0	0
2014-11-03	1177380	0	0	0	0	118	118	1848	0	10	5	0	0	0
2014-11-03	1177398	0	0	0	0	105	105	1848	0	6	1	0	0	0
2014-11-03	1178302	0	0	0	0	280	280	1848	0	28	23	0	0	0
2014-11-03	1178351	0	0	0	0	158	158	1848	0	0	0	0	0	0
2014-11-03	1178496	0	0	0	0	257	277	1848	0	8	3	0	0	0
2014-11-03	1178860	0	0	0	0	118	118	1848	0	9	4	0	0	0
2014-11-03	1179117	0	0	0	0	128	128	1848	0	10	5	0	0	0
2014-11-03	1179254	0	0	0	0	138	138	1848	0	11	6	0	0	0
2014-11-03	1179280	0	0	0	0	148	148	1848	0	12	7	0	0	0
2014-11-03	1179766	0	0	0	0	98	161	1848	0	10	5	0	0	0
2014-11-03	1180083	0	0	0	0	108	108	1848	0	8	3	0	0	0
2014-11-03	1180233	0	0	0	0	257	257	1848	0	13	8	0	0	0
2014-11-03	1180251	0	0	0	0	178	178	1848	0	17	12	0	0	0
2014-11-03	1180601	0	0	0	0	118	123.33	1848	0	8	3	0	0	0
2014-11-03	1180630	0	0	0	0	177	177	1848	0	17	12	0	0	0
2014-11-03	1181339	0	0	0	0	238	238	1848	0	12	7	0	0	0
2014-11-03	1181418	0	0	0	0	328	328	1848	0	33	28	0	0	0
2014-11-03	1181598	0	0	0	0	59	59	1848	0	5.9	0.9	0	0	0
2014-11-03	1181649	0	0	0	0	127	127	1848	0	6	1	0	0	0
2014-11-03	1182215	0	0	0	0	228	228	1848	0	0	0	0	0	0
2014-11-03	1183637	0	0	0	0	238	238	1848	0	12	7	0	0	0
2014-11-03	1183684	0	0	0	0	138	148	1848	0	8	3	0	0	0
2014-11-03	1184459	0	0	0	0	119	119	1848	0	10	5	0	0	0
2014-11-03	1184572	0	0	0	0	178	178	1848	0	8.9	3.9	0	0	0
2014-11-03	1185222	0	0	0	0	139	139	1848	0	0	0	0	0	0
2014-11-03	1185453	0	0	0	0	128	128	1848	0	7	2	0	0	0
2014-11-03	1185511	0	0	0	0	148	148	1848	0	8	3	0	0	0
2014-11-03	1185548	0	0	0	0	168	168	1848	0	8	3	0	0	0
2014-11-03	1185597	0	0	0	0	138	138	1848	0	8	3	0	0	0
2014-11-03	1185827	0	0	0	0	298	298	1848	0	9	4	0	0	0
2014-11-03	1185925	0	0	0	0	238	238	1848	0	23	18	0	0	0
2014-11-03	1185958	0	0	0	0	158	158	1848	0	0	0	0	0	0
2014-11-03	1189190	0	0	0	0	128	128	1848	0	6	1	0	0	0
2014-11-03	1189410	0	0	0	0	109	109	1848	0	0	0	0	0	0
2014-11-03	1190123	0	0	0	0	180	180	1848	0	9	4	0	0	0
2014-11-03	1190504	0	0	0	0	119	119	1848	0	10	5	0	0	0
2014-11-03	1190563	0	0	0	0	119	119	1848	0	6	1	0	0	0
2014-11-03	1190823	0	0	0	0	138	138	1848	0	11	6	0	0	0
2014-11-03	1190953	0	0	0	0	248	248	1848	0	10	5	0	0	0
2014-11-03	1191003	0	0	0	0	167	167	1848	0	8	3	0	0	0
2014-11-03	1191450	0	0	0	0	118	104.67	1848	0	0	0	0	0	0
2014-11-03	1191853	0	0	0	0	88	88	1848	0	0	0	0	0	0
2014-11-03	1192287	0	0	0	0	488	488	1848	0	39	34	0	0	0
2014-11-03	1193499	0	0	0	0	68	68	1848	0	6.8	1.8	0	0	0
2014-11-03	1193543	0	0	0	0	118	118	1848	0	6	1	0	0	0
2014-11-03	1195344	0	0	0	0	139	139	1848	0	0	0	0	0	0
2014-11-03	1195520	0	0	0	0	178	178	1848	0	7	2	0	0	0
2014-11-03	1195710	0	0	0	0	89	89	1848	0	8	3	0	0	0
2014-11-03	1195719	0	0	0	0	128	128	1848	0	7	2	0	0	0
2014-11-03	1196241	0	0	0	0	98	98	1848	0	6	1	0	0	0
2014-11-03	1196302	0	0	0	0	238	238	1848	0	24	19	0	0	0
2014-11-03	1196340	0	0	0	0	149	339	1848	0	5	0	0	0	0
2014-11-03	1196683	0	0	0	0	169	169	1848	0	17	12	0	0	0
2014-11-03	1196724	0	0	0	0	129	129	1848	0	9	4	0	0	0
2014-11-03	1200426	0	0	0	0	198	301.33	1848	0	11.88	6.88	0	0	0
2014-11-03	1200926	0	0	0	0	168	168	1848	0	8	3	0	0	0
2014-11-03	1200987	0	0	0	0	129	139	1848	0	10	5	0	0	0
2014-11-03	1201135	0	0	0	0	109	109	1848	0	0	0	0	0	0
2014-11-03	1201693	0	0	0	0	238	238	1848	0	12	7	0	0	0
2014-11-03	1201917	0	0	0	0	105	105	1848	0	5.25	0.25	0	0	0
2014-11-03	1202397	0	0	0	0	108	108	1848	0	8	3	0	0	0
2014-11-03	1202705	0	0	0	0	128	128	1848	0	6.4	1.4	0	0	0
2014-11-03	1202979	0	0	0	0	158	158	1848	0	8	3	0	0	0
2014-11-03	1203102	0	0	0	0	110	110	1848	0	6	1	0	0	0
2014-11-03	1203374	0	0	0	0	118	118	1848	0	0	0	0	0	0
2014-11-03	1203397	0	0	0	0	267	307	1848	0	9	4	0	0	0
2014-11-03	1203493	0	0	0	0	156	156	1848	0	9	4	0	0	0
2014-11-03	1203512	0	0	0	0	180	180	1848	0	18	13	0	0	0
2014-11-03	1203855	0	0	0	0	130	130	1848	0	13	8	0	0	0
2014-11-03	1204082	0	0	0	0	170	170	1848	0	9	4	0	0	0
2014-11-03	1204161	0	0	0	0	138	138	1848	0	8	3	0	0	0
2014-11-03	1204165	0	0	0	0	227	227	1848	0	0	0	0	0	0
2014-11-03	1204217	0	0	0	0	198	198	1848	0	16	11	0	0	0
2014-11-03	1205351	0	0	0	0	278	278	1848	0	27	22	0	0	0
2014-11-03	1205503	0	0	0	0	119	179	1848	0	6	1	0	0	0
2014-11-03	1205546	0	0	0	0	128	168	1848	0	8	3	0	0	0
2014-11-03	1205573	0	0	0	0	108	98	1848	0	8	3	0	0	0
2014-11-03	1205628	0	0	0	0	118	108	1848	0	10	5	0	0	0
2014-11-03	1205881	0	0	0	0	88	88	1848	0	8	3	0	0	0
2014-11-03	1206446	0	0	0	0	118	118	1848	0	11.8	6.8	0	0	0
2014-11-03	1210349	0	0	0	0	158	158	1848	0	8	3	0	0	0
2014-11-03	1213069	0	0	0	0	100	90	1848	0	10	5	0	0	0
2014-11-03	1213105	0	0	0	0	138	128	1848	0	8	3	0	0	0
2014-11-03	1214254	0	0	0	0	198	198	1848	0	10	5	0	0	0
2014-11-03	1215328	0	0	0	0	246	246	1848	0	0	0	0	0	0
2014-11-03	1215370	0	0	0	0	368	368	1848	0	0	0	0	0	0
2014-11-03	1215423	0	0	0	0	588	588	1848	0	0	0	0	0	0
2014-11-03	1215443	0	0	0	0	138	218.67	1848	0	11	6	0	0	0
2014-11-03	1215467	0	0	0	0	158	158	1848	0	0	0	0	0	0
2014-11-03	1215979	0	0	0	0	108	108	1848	0	8	3	0	0	0
2014-11-03	1216059	0	0	0	0	149	149	1848	0	7	2	0	0	0
2014-11-03	1216115	0	0	0	0	98	98	1848	0	10	5	0	0	0
2014-11-03	1216315	0	0	0	0	108	108	1848	0	0	0	0	0	0
2014-11-03	1216344	0	0	0	0	88	148	1848	0	7	2	0	0	0
2014-11-03	1216388	0	0	0	0	159	159	1848	0	7.95	2.95	0	0	0
2014-11-03	1216434	0	0	0	0	199	199	1848	0	9.95	4.95	0	0	0
2014-11-03	1216507	0	0	0	0	88	88	1848	0	7	2	0	0	0
2014-11-03	1216839	0	0	0	0	138	138	1848	0	7	2	0	0	0
2014-11-03	1216849	0	0	0	0	289	289	1848	0	14.45	9.45	0	0	0
2014-11-03	1217231	0	0	0	0	88	88	1848	0	8.8	3.8	0	0	0
2014-11-03	1217328	0	0	0	0	197	197	1848	0	19.7	14.7	0	0	0
2014-11-03	1217368	0	0	0	0	78	98	1848	0	8	3	0	0	0
2014-11-03	1217751	0	0	0	0	88	88	1848	0	8	3	0	0	0
2014-11-03	1228456	0	0	0	0	99	99	1848	0	0	0	0	0	0
2014-11-03	1232323	0	0	0	0	90	90	1848	0	9	4	0	0	0
2014-11-03	1232560	0	0	0	0	139	139	1848	0	10	5	0	0	0
2014-11-03	1232566	0	0	0	0	217	217	1848	0	0	0	0	0	0
2014-11-03	1233151	0	0	0	0	189	189	1848	0	19	14	0	0	0
2014-11-03	1233194	0	0	0	0	248	248	1848	0	28	23	0	0	0
2014-11-03	1234080	0	0	0	0	148	148	1848	0	14	9	0	0	0
2014-11-03	1234690	0	0	0	0	88	88	1848	0	7	2	0	0	0
2014-11-03	1235677	0	0	0	0	178	178	1848	0	9	4	0	0	0
2014-11-03	1235685	0	0	0	0	191	191	1848	0	9	4	0	0	0
2014-11-03	1235710	0	0	3	0	239	199	1848	0	24	19	0	0	0
2014-11-03	1235907	0	0	0	0	98	98	1848	0	8	3	0	0	0
2014-11-03	1235986	0	0	0	0	238	238	1848	0	23.8	18.8	0	0	0
2014-11-03	1236012	0	0	0	0	388	388	1848	0	19.4	14.4	0	0	0
2014-11-03	1236121	0	0	0	0	109	109	1848	0	10	5	0	0	0
2014-11-03	1236435	0	0	0	0	88	88	1848	0	8	3	0	0	0
2014-11-03	1236441	0	0	0	0	368	368	1848	0	18	13	0	0	0
2014-11-03	1236458	0	0	0	0	288	288	1848	0	15	10	0	0	0
2014-11-03	1239539	0	0	0	0	129	115	1848	0	13	8	0	0	0
2014-11-03	1241370	0	0	0	0	238	238	1848	0	12	7	0	0	0
2014-11-03	1241849	0	0	0	0	85	85	1848	0	8.5	3.5	0	0	0
2014-11-03	1242029	0	0	0	0	75	75	1848	0	7.5	2.5	0	0	0
2014-11-03	1242093	0	0	0	0	60	60	1848	0	6	1	0	0	0
2014-11-03	1243015	0	0	0	0	150	150	1848	0	7	2	0	0	0
2014-11-03	1243346	0	0	0	0	119	119	1848	0	11.9	6.9	0	0	0
2014-11-03	1243394	0	0	0	0	129	129	1848	0	9	4	0	0	0
2014-11-03	1244235	0	0	0	0	208	208	1848	0	20.8	15.8	0	0	0
2014-11-03	1245206	0	0	0	0	180	180	1848	0	10	5	0	0	0
2014-11-03	1246299	0	0	0	0	108	108	1848	0	20	15	0	0	0
2014-11-03	1250331	0	0	0	0	99	99	1848	0	8	3	0	0	0
2014-11-03	1250478	0	0	0	0	218	218	1848	0	11	6	0	0	0
2014-11-03	1251473	0	0	0	0	138	138	1848	0	11	6	0	0	0
2014-11-03	1251675	0	0	0	0	118	118	1848	0	6	1	0	0	0
2014-11-03	1251718	0	0	0	0	138	138	1848	0	7	2	0	0	0
2014-11-03	1251735	0	0	0	0	158	158	1848	0	8	3	0	0	0
2014-11-03	1251935	0	0	0	0	238	238	1848	0	10	5	0	0	0
2014-11-03	1253789	0	0	0	0	138	138	1848	0	8	3	0	0	0
2014-11-03	1254097	0	0	0	0	110	110	1848	0	5.5	0.5	0	0	0
2014-11-03	1254391	0	0	1	0	128	128	1848	0	6.4	1.4	0	0	0
2014-11-03	1255028	0	0	0	0	108	108	1848	0	6.5	1.5	0	0	0
2014-11-03	1255159	0	0	0	0	97	97	1848	0	0	0	0	0	0
2014-11-03	1255227	0	0	0	0	99	99	1848	0	0	0	0	0	0
2014-11-03	1255236	0	0	0	0	118	118	1848	0	7.1	2.1	0	0	0
2014-11-03	1255372	0	0	0	0	118	118	1848	0	10	5	0	0	0
2014-11-03	1255731	0	0	0	0	248	248	1848	0	13	8	0	0	0
2014-11-03	1255795	0	0	0	0	128	128	1848	0	8	3	0	0	0
2014-11-03	1259793	0	0	0	0	79	88	1848	0	4.8	-0.2	0	0	0
2014-11-03	1260593	0	0	0	0	77	77	1848	0	7	2	0	0	0
2014-11-03	1260776	0	0	0	0	228	228	1848	0	11	6	0	0	0
2014-11-03	1260818	0	0	0	0	258	258	1848	0	13	8	0	0	0
2014-11-03	1260902	0	0	0	0	358	358	1848	0	38	33	0	0	0
2014-11-03	1262470	0	0	1	0	128	238	1848	0	6.4	1.4	0	0	0
2014-11-03	1262606	0	0	0	0	98	198	1848	0	5	0	0	0	0
2014-11-03	1262691	0	0	0	0	128	128	1848	0	10	5	0	0	0
2014-11-03	1262979	0	0	0	0	108	238	1848	0	5.4	0.4	1	0	0
2014-11-03	1264391	0	0	0	0	137	137	1848	0	6.8	1.8	0	0	0
2014-11-03	1264465	0	0	0	0	128	131.67	1848	0	12	7	0	0	0
2014-11-03	1264959	0	0	0	0	115	115	1848	0	5.8	0.8	0	0	0
2014-11-03	1264990	0	0	0	0	108	108	1848	0	10	5	0	0	0
2014-11-03	1265849	0	0	0	0	128	188	1848	0	7.7	2.7	0	0	0
2014-11-03	1269706	0	0	0	0	189	228	1848	0	11.4	6.4	0	0	0
2014-11-03	1270954	0	0	0	0	99	99	1848	0	0	0	0	0	0
2014-11-03	1271034	0	0	0	0	138	138	1848	0	8	3	0	0	0
2014-11-03	1272436	0	0	0	0	98	98	1848	0	9	4	0	0	0
2014-11-03	1272487	0	0	0	0	158	158	1848	0	12	7	0	0	0
2014-11-03	1272613	0	0	0	0	106	107.33	1848	0	8	3	0	0	0
2014-11-03	1272739	0	0	0	0	188	188	1848	0	6	1	0	0	0
2014-11-03	1272834	0	0	0	0	128	128	1848	0	10	5	0	0	0
2014-11-03	1272853	0	0	0	0	168	168	1848	0	15	10	0	0	0
2014-11-03	1273055	0	0	0	0	148	148	1848	0	7	2	0	0	0
2014-11-03	1273187	0	0	0	0	118	118	1848	0	6	1	0	0	0
2014-11-03	1273491	0	0	0	0	188	188	1848	0	6	1	0	0	0
2014-11-03	1274098	0	0	0	0	169	169	1848	0	8.45	3.45	0	0	0
2014-11-03	1274231	0	0	0	0	168	168	1848	0	8.4	3.4	0	0	0
2014-11-03	1274580	0	0	0	0	145	145	1848	0	7.25	2.25	0	0	0
2014-11-03	1274612	0	0	0	0	128	128	1848	0	0	0	0	0	0
2014-11-03	1275238	0	0	0	0	99	99	1848	0	0	0	0	0	0
2014-11-03	1275318	0	0	0	0	128	128	1848	0	0	0	0	0	0
2014-11-03	1275693	0	0	0	0	100	100	1848	0	10	5	0	0	0
2014-11-03	1291795	0	0	0	0	128	258	1848	0	13	8	0	0	0
2014-11-03	1291796	0	0	0	0	119	158	1848	0	10	5	0	0	0
2014-11-03	1292893	0	0	0	0	168	168	1848	0	17	12	0	0	0
2014-11-03	1292897	0	0	0	0	238	238	1848	0	0	0	0	0	0
2014-11-03	1293447	0	0	0	0	138	88	1848	0	10	5	0	0	0
2014-11-03	1293532	0	0	0	0	118	118	1848	0	6	1	0	0	0
2014-11-03	1293723	0	0	0	0	128	128	1848	0	8	3	0	0	0
2014-11-03	1294195	0	0	0	0	88	88	1848	0	8	3	0	0	0
2014-11-03	1294338	0	0	0	0	98	98	1848	0	8	3	0	0	0
2014-11-03	1294581	0	0	0	0	178	178	1848	0	9	4	0	0	0
2014-11-03	1294820	0	0	0	0	198	198	1848	0	16	11	0	0	0
2014-11-03	1348648	0	0	0	0	88	88	1848	0	8	3	0	0	0
2014-11-03	1348805	0	0	0	0	118	118	1848	0	7.1	2.1	0	0	0
2014-11-03	1349521	0	0	0	0	138	138	1848	0	14	9	0	0	0
2014-11-03	1349729	0	0	0	0	80	80	1848	0	0	0	0	0	0
2014-11-03	1350060	0	0	0	0	238	238	1848	0	24	19	0	0	0
2014-11-03	1350268	0	0	0	0	118	118	1848	0	10	5	0	0	0
2014-11-03	1350439	0	0	0	0	198	198	1848	0	6	1	0	0	0
2014-11-03	1351003	0	0	0	0	99	99	1848	0	9.9	4.9	0	0	0
2014-11-03	1351128	0	0	0	0	128	128	1848	0	10	5	0	0	0
2014-11-03	1351234	0	0	0	0	158	158	1848	0	8	3	0	0	0
2014-11-03	1351534	0	0	0	0	198	198	1848	0	16	11	0	0	0
2014-11-03	1352470	0	0	0	0	118	118	1848	0	10	5	0	0	0
2014-11-03	1353371	0	0	0	0	158	151.33	1848	0	15.8	10.8	0	0	0
2014-11-03	1353887	0	0	0	0	188	188	1848	0	15.04	10.04	0	0	0
2014-11-03	1354168	0	0	0	0	338	338	1848	0	0	0	0	0	0
2014-11-03	1354268	0	0	0	0	198	198	1848	0	19	14	0	0	0
2014-11-03	1354291	0	0	0	0	68	68	1848	0	5.4	0.4	0	0	0
2014-11-03	1354418	0	0	0	0	248	248	1848	0	24	19	0	0	0
2014-11-03	1354459	0	0	0	0	96	96	1848	0	6	1	0	0	0
2014-11-03	1354705	0	0	0	0	178	178	1848	0	17.8	12.8	0	0	0
2014-11-03	1362692	0	0	0	0	139	139	1848	0	9	4	0	0	0
2014-11-03	1363251	0	0	0	0	218	218	1848	0	17	12	0	0	0
2014-11-03	1363365	0	0	0	0	168	168	1848	0	8	3	0	0	0
2014-11-03	1363444	0	0	0	0	118	118	1848	0	12	7	0	0	0
2014-11-03	1363967	0	0	0	0	68	68	1848	0	8	3	0	0	0
2014-11-03	1364156	0	0	0	0	99	152.33	1848	0	4.95	-0.05	0	0	0
2014-11-03	1364342	0	0	0	0	99	159	1848	0	5.94	0.94	0	0	0
2014-11-03	1364445	0	0	0	0	168	168	1848	0	8	3	0	0	0
2014-11-03	1364942	0	0	0	0	108	138	1848	0	8.7	3.7	0	0	0
2014-11-03	1365751	0	0	0	0	109	109	1848	0	5.45	0.45	0	0	0
2014-11-03	1366492	0	0	0	0	68	98	1848	0	6.8	1.8	0	0	0
2014-11-03	1367330	0	0	0	0	99	134.67	1848	0	8	3	0	0	0
2014-11-03	1367455	0	0	0	0	99	99	1848	0	9	4	0	0	0
2014-11-03	1367712	0	0	0	0	180	221.33	1848	0	15	10	0	0	0
2014-11-03	1367813	0	0	0	0	128	128	1848	0	6	1	0	0	0
2014-11-03	1367848	0	0	0	0	160	328	1848	0	16	11	0	0	0
2014-11-03	1367919	0	0	0	0	160	328	1848	0	16	11	0	0	0
2014-11-03	1367940	0	0	0	0	168	114.67	1848	0	17	12	0	0	0
2014-11-03	1368104	0	0	0	0	120	120	1848	0	6	1	0	0	0
2014-11-03	1368186	0	0	0	0	150	150	1848	0	7.5	2.5	0	0	0
2014-11-03	1368829	0	0	0	0	180	180	1848	0	9	4	0	0	0
2014-11-03	1368856	0	0	0	0	108	108	1848	0	7	2	0	0	0
2014-11-03	1368907	0	0	0	0	158	158	1848	0	11	6	0	0	0
2014-11-03	1369252	0	0	0	0	188	188	1848	0	19	14	0	0	0
2014-11-03	1375159	0	0	1	0	150	150	1848	0	15	10	0	0	0
2014-11-03	1375300	0	0	0	0	99	99	1848	0	9	4	0	0	0
2014-11-03	1375497	0	0	0	0	120	120	1848	0	12	7	0	0	0
2014-11-03	1375679	0	0	0	0	150	150	1848	0	7	2	0	0	0
2014-11-03	1375755	0	0	0	0	168	168	1848	0	13	8	0	0	0
2014-11-03	1375781	0	0	0	0	178	178	1848	0	18	13	0	0	0
2014-11-03	1375796	0	0	0	0	138	138	1848	0	11	6	0	0	0
2014-11-03	1376158	0	0	0	0	178	211.33	1848	0	11	6	0	0	0
2014-11-03	1376246	0	0	0	0	168	188	1848	0	11	6	0	0	0
2014-11-03	1376263	0	0	0	0	188	188	1848	0	19	14	0	0	0
2014-11-03	1376329	0	0	0	0	268	268	1848	0	13	8	0	0	0
2014-11-03	1376356	0	0	0	0	218	218	1848	0	18	13	0	0	0
2014-11-03	1376546	0	0	0	0	208	158	1848	0	13	8	0	0	0
2014-11-03	1376915	0	0	0	0	118	118	1848	0	8	3	0	0	0
2014-11-03	1377123	0	0	0	0	118	144.67	1848	0	10	5	0	0	0
2014-11-03	1377235	0	0	1	0	138	118	1848	0	9	4	0	0	0
2014-11-03	1377370	0	0	0	0	158	158	1848	0	7	2	0	0	0
2014-11-03	1377502	0	0	0	0	168	168	1848	0	8	3	0	0	0
2014-11-03	1377583	0	0	0	0	128	188	1848	0	13	8	0	0	0
2014-11-03	1377966	0	0	0	0	178	178	1848	0	8	3	0	0	0
2014-11-03	1378115	0	0	0	0	148	148	1848	0	8	3	0	0	0
2014-11-03	1378935	0	0	0	0	194	194	1848	0	18	13	0	0	0
2014-11-03	1378951	0	0	0	0	128	162	1848	0	10	5	0	0	0
2014-11-03	1379648	0	0	0	0	128	188	1848	0	13	8	0	0	0
2014-11-03	1379772	0	0	0	0	88	88	1848	0	8	3	0	0	0
2014-11-03	1380814	0	0	0	0	298	368	1848	0	29.8	24.8	0	0	0
2014-11-03	1381376	0	0	0	0	108	108	1848	0	10	5	0	0	0
2014-11-03	1381500	0	0	0	0	108	188	1848	0	9	4	0	0	0
2014-11-03	1383740	0	0	0	0	178	231.33	1848	0	8.9	3.9	0	0	0
2014-11-03	1387172	0	0	0	0	118	118	1848	0	11.8	6.8	0	0	0
2014-11-03	1387453	0	0	0	0	99	99	1848	0	10	5	0	0	0
2014-11-03	1387491	0	0	0	0	217	217	1848	0	7	2	0	0	0
2014-11-03	1387504	0	0	0	0	158	158	1848	0	15.8	10.8	0	0	0
2014-11-03	1387758	0	0	0	0	168	168	1848	0	8	3	0	0	0
2014-11-03	1387895	0	0	0	0	178	171.33	1848	0	17.8	12.8	0	0	0
2014-11-03	1388090	0	0	0	0	88	98.33	1848	0	8	3	0	0	0
2014-11-03	1389039	0	0	0	0	99	99	1848	0	6	1	0	0	0
2014-11-03	1389081	0	0	0	0	109	109	1848	0	6	1	0	0	0
2014-11-03	1389099	0	0	0	0	109	109	1848	0	5.45	0.45	0	0	0
2014-11-03	1389197	0	0	0	0	168	168	1848	0	12	7	0	0	0
2014-11-03	1389375	0	0	0	0	98	98	1848	0	9	4	0	0	0
2014-11-03	1389441	0	0	0	0	118	118	1848	0	6	1	0	0	0
2014-11-03	1389460	0	0	0	0	149	129	1848	0	11	6	1	0	0
2014-11-03	1389705	0	0	0	0	68	68	1848	0	6.8	1.8	0	0	0
2014-11-03	1389912	0	0	0	0	45	45	1848	0	7	2	1	0	0
2014-11-03	1391175	0	0	0	0	139	139	1848	0	6.95	1.95	0	0	0
2014-11-03	1391359	0	0	0	0	177	177	1848	0	11	6	1	0	0
2014-11-03	1391409	0	0	0	0	217	217	1848	0	13	8	0	0	0
2014-11-03	1391418	0	0	0	0	217	217	1848	0	13	8	0	0	0
2014-11-03	1391884	0	0	0	0	88	88	1848	0	7	2	0	0	0
2014-11-03	1391919	0	0	0	0	160	160	1848	0	16	11	0	0	0
2014-11-03	1392023	0	0	0	0	118	118	1848	0	6	1	0	0	0
2014-11-03	1392075	0	0	0	0	128	128	1848	0	12.8	7.8	0	0	0
2014-11-03	1403861	0	0	0	0	108	120	1848	0	9	4	0	0	0
2014-11-03	1403875	0	0	0	0	150	150	1848	0	12	7	0	0	0
2014-11-03	1404142	0	0	0	0	118	118	1848	0	11	6	0	0	0
2014-11-03	1404459	0	0	0	0	88	88	1848	0	7	2	0	0	0
2014-11-03	1404685	0	0	0	0	119	119	1848	0	5.95	0.95	0	0	0
2014-11-03	1404746	0	0	0	0	68	98	1848	0	4.08	-0.92	0	0	0
2014-11-03	1404864	0	0	0	0	79	79	1848	0	6	1	0	0	0
2014-11-03	1405453	0	0	0	0	138	138	1848	0	7	2	0	0	0
2014-11-03	1409920	0	0	0	0	138	138	1848	0	8.3	3.3	0	0	0
2014-11-03	1410057	0	0	1	0	120	120	1848	0	10	5	0	0	0
2014-11-03	1411120	0	0	0	0	399	399	1848	0	20	15	0	0	0
2014-11-03	1417683	0	0	0	0	108	108	1848	0	8	3	0	0	0
2014-11-03	1417749	0	0	0	0	228	228	1848	0	23	18	0	0	0
2014-11-03	1417833	0	0	0	0	139	139	1848	0	8	3	0	0	0
2014-11-03	1417914	0	0	0	0	238	238	1848	0	7	2	0	0	0
2014-11-03	1418180	0	0	0	0	293	293	1848	0	9	4	0	0	0
2014-11-03	1418327	0	0	0	0	78	78	1848	0	8	3	0	0	0
2014-11-03	1418619	0	0	0	0	168	148	1848	0	10	5	0	0	0
2014-11-03	1418661	0	0	0	0	148	128	1848	0	9	4	0	0	0
2014-11-03	1418704	0	0	0	0	158	148	1848	0	9	4	0	0	0
2014-11-03	1418845	0	0	0	0	158	158	1848	0	8	3	0	0	0
2014-11-03	1419024	0	0	0	0	138	138	1848	0	7	2	0	0	0
2014-11-03	1419171	0	0	0	0	98	98	1848	0	10	5	0	0	0
2014-11-03	1419613	0	0	0	0	148	148	1848	0	14	9	0	0	0
2014-11-03	1419967	0	0	0	0	228	228	1848	0	7	2	0	0	0
2014-11-03	1420492	0	0	0	0	80	80	1848	0	8	3	0	0	0
2014-11-03	1420875	0	0	0	0	80	80	1848	0	8	3	0	0	0
2014-11-03	1421091	0	0	0	0	100	100	1848	0	10	5	0	0	0
2014-11-03	1421284	0	0	0	0	107	107	1848	0	7	2	3	0	0
2014-11-03	1421562	0	0	0	0	158	158	1848	0	8	3	0	0	0
2014-11-03	1421764	0	0	0	0	120	120	1848	0	10	5	0	0	0
2014-11-03	1422017	0	0	0	0	188	188	1848	0	10	5	0	0	0
2014-11-03	1422360	0	0	0	0	137	183.67	1848	0	6	1	1	0	0
2014-11-03	1422368	0	0	0	0	207	207	1848	0	0	0	0	0	0
2014-11-03	1422512	0	0	0	0	108	107.33	1848	0	10.8	5.8	0	0	0
2014-11-03	1422572	0	0	0	0	107	160.33	1848	0	6	1	0	0	0
2014-11-03	1423210	0	0	0	0	149	119	1848	0	7	2	0	0	0
2014-11-03	1423520	0	0	0	0	149	129	1848	0	7	2	0	0	0
2014-11-03	1428294	0	0	0	0	249	215.67	1848	0	12	7	0	0	0
2014-11-03	1429141	0	0	0	0	120	120	1848	0	12	7	0	0	0
2014-11-03	1429442	0	0	0	0	108	108	1848	0	8	3	0	0	0
2014-11-03	1429656	0	0	0	0	128	128	1848	0	10	5	1	0	0
2014-11-03	1430783	0	0	0	0	148	148	1848	0	7	2	0	0	0
2014-11-03	1431335	0	0	0	0	198	198	1848	0	15.8	10.8	0	0	0
2014-11-03	1433280	0	0	0	0	139	139	1848	0	12	7	0	0	0
2014-11-03	1434192	0	0	0	0	168	168	1848	0	8	3	0	0	0
2014-11-03	1434680	0	0	0	0	318	318	1848	0	6	1	0	0	0
2014-11-03	1439637	0	0	0	0	138	138	1848	0	7	2	0	0	0
2014-11-03	1439752	0	0	0	0	129	129	1848	0	6	1	0	0	0
2014-11-03	1440093	0	0	0	0	78	78	1848	0	8	3	0	0	0
2014-11-03	1441314	0	0	0	0	208	208	1848	0	0	0	0	0	0
2014-11-03	1441565	0	0	0	0	208	208	1848	0	50	45	0	0	0
2014-11-03	1441759	0	0	0	0	159	129	1848	0	13	8	0	0	0
2014-11-03	1442929	0	0	0	0	360	360	1848	0	32	27	0	0	0
2014-11-03	1444358	0	0	0	0	88	88	1848	0	8	3	0	0	0
2014-11-03	1445235	0	0	0	0	268	298	1848	0	27	22	0	0	0
2014-11-03	1445332	0	0	0	0	108	168	1848	0	10.8	5.8	0	0	0
2014-11-03	1445871	0	0	0	0	118	118	1848	0	6	1	0	0	0
2014-11-03	1445873	0	0	0	0	65	65	1848	0	5.85	0.85	0	0	0
2014-11-03	1445877	0	0	0	0	60	60	1848	0	5.4	0.4	0	0	0
2014-11-03	1446029	0	0	0	0	139	139	1848	0	9.73	4.73	0	0	0
2014-11-03	1446055	0	0	0	0	99	99	1848	0	7	2	0	0	0
2014-11-03	1446071	0	0	0	0	78	68	1848	0	8	3	0	0	0
2014-11-03	1446371	0	0	0	0	188	198	1848	0	12	7	0	0	0
2014-11-03	1453623	0	0	0	0	118	118	1848	0	9	4	0	0	0
2014-11-03	1453870	0	0	0	0	138	138	1848	0	12	7	0	0	0
2014-11-03	1454447	0	0	0	0	148	148	1848	0	11	6	0	0	0
2014-11-03	1454459	0	0	0	0	119	119	1848	0	5.95	0.95	0	0	0
2014-11-03	1454803	0	0	0	0	138	138	1848	0	11	6	0	0	0
2014-11-03	1455125	0	0	0	0	179	179	1848	0	9	4	2	0	0
2014-11-03	1456046	0	0	0	0	97	97	1848	0	7	2	0	0	0
2014-11-03	1456613	0	0	0	0	178	178	1848	0	9	4	0	0	0
2014-11-03	1456865	0	0	0	0	148	148	1848	0	15	10	0	0	0
2014-11-03	1456910	0	0	0	0	168	168	1848	0	17	12	0	0	0
2014-11-03	1457046	0	0	0	0	179	179	1848	0	18	13	0	0	0
2014-11-03	1458845	0	0	0	0	108	99	1848	0	9	4	0	0	0
2014-11-03	1459283	0	0	0	0	228	228	1848	0	28	23	0	0	0
2014-11-03	1459331	0	0	0	0	189	209	1848	0	10	5	0	0	0
2014-11-03	1459437	0	0	0	0	158	168	1848	0	7.9	2.9	0	0	0
2014-11-03	1459566	0	0	0	0	148	158	1848	0	7.4	2.4	1	0	0
2014-11-03	1459864	0	0	0	0	138	138	1848	0	8	3	0	0	0
2014-11-03	1459874	0	0	0	0	112	109	1848	0	9	4	0	0	0
2014-11-03	1465438	0	0	0	0	138	138	1848	0	6.9	1.9	0	0	0
2014-11-03	1465605	0	0	0	0	187	187	1848	0	9.4	4.4	0	0	0
2014-11-03	1465669	0	0	0	0	167	167	1848	0	8.4	3.4	0	0	0
2014-11-03	1465819	0	0	0	0	161	161	1848	0	19	14	0	0	0
2014-11-03	1466370	0	0	0	0	115	115	1848	0	0	0	0	0	0
2014-11-03	1466989	0	0	0	0	158	158	1848	0	13	8	0	0	0
2014-11-03	1467589	0	0	0	0	258	258	1848	0	18	13	0	0	0
2014-11-03	1467812	0	0	0	0	128	128	1848	0	10	5	0	0	0
2014-11-03	1467916	0	0	0	0	108	108	1848	0	6.5	1.5	0	0	0
2014-11-03	1467923	0	0	0	0	118	118	1848	0	7	2	0	0	0
2014-11-03	1467939	0	0	0	0	228	228	1848	0	13.7	8.7	0	0	0
2014-11-03	1468412	0	0	0	0	185	185	1848	0	5.5	0.5	0	0	0
2014-11-03	1468425	0	0	0	0	168	168	1848	0	10	5	0	0	0
2014-11-03	1469254	0	0	0	0	129	129	1848	0	6	1	1	0	0
2014-11-03	1469412	0	0	0	0	78	78	1848	0	6	1	0	0	0
2014-11-03	1469528	0	0	0	0	248	238	1848	0	33.6	28.6	0	0	0
2014-11-03	1469621	0	0	0	0	218	208	1848	0	27.6	22.6	0	0	0
2014-11-03	1469638	0	0	0	0	178	188	1848	0	19.6	14.6	0	0	0
2014-11-03	1469765	0	0	0	0	98	128	1848	0	8	3	0	0	0
2014-11-03	1469886	0	0	0	0	196	266	1848	0	20	15	0	0	0
2014-11-03	1469901	0	0	0	0	154	228	1848	0	15	10	0	0	0
2014-11-03	1469971	0	0	0	0	118	118	1848	0	10.6	5.6	0	0	0
2014-11-03	1470009	0	0	0	0	108	108	1848	0	9.8	4.8	0	0	0
2014-11-03	1475052	0	0	0	0	68	68	1848	0	5.5	0.5	0	0	0
2014-11-03	1475053	0	0	0	0	128	128	1848	0	10	5	0	0	0
2014-11-03	1475066	0	0	0	0	98	98	1848	0	7.9	2.9	0	0	0
2014-11-03	1475137	0	0	0	0	327	327	1848	0	16	11	0	0	0
2014-11-03	1475293	0	0	0	0	158	194.67	1848	0	9	4	0	0	0
2014-11-03	1477280	0	0	0	0	198	198	1848	0	8	3	0	0	0
2014-11-03	1477302	0	0	0	0	180	168	1848	0	0	0	0	0	0
2014-11-03	1477746	0	0	0	0	118	118	1848	0	10	5	0	0	0
2014-11-03	1477761	0	0	0	0	60	60	1848	0	0	0	0	0	0
2014-11-03	1477869	0	0	0	0	88	88	1848	0	8	3	0	0	0
2014-11-03	1477904	0	0	0	0	98	98	1848	0	10	5	0	0	0
2014-11-03	1477905	0	0	0	0	138	138	1848	0	10	5	0	0	0
2014-11-03	1480049	0	0	0	0	158	138	1848	0	15.8	10.8	0	0	0
2014-11-03	1480328	0	0	0	0	198	158	1848	0	18	13	0	0	0
2014-11-03	1480481	0	0	0	0	160	160	1848	0	13	8	0	0	0
2014-11-03	1480775	0	0	0	0	90	90	1848	0	9	4	0	0	0
2014-11-03	1481960	0	0	0	0	328	328	1848	0	13.12	8.12	0	0	0
2014-11-03	1482845	0	0	0	0	208	238	1848	0	12.48	7.48	0	0	0
2014-11-03	1482870	0	0	0	0	158	158	1848	0	7.9	2.9	0	0	0
2014-11-03	1483469	0	0	0	0	118	118	1848	0	6	1	0	0	0
2014-11-03	1483584	0	0	0	0	148	148	1848	0	13	8	0	0	0
2014-11-03	1483875	0	0	0	0	139	139	1848	0	0	0	0	0	0
2014-11-03	1484020	0	0	0	0	149	149	1848	0	0	0	0	0	0
2014-11-03	1484078	0	0	0	0	199	169	1848	0	10	5	0	0	0
2014-11-03	1484098	0	0	0	0	109	109	1848	0	11	6	0	0	0
2014-11-03	1484372	0	0	0	0	128	118	1848	0	10	5	0	0	0
2014-11-03	1485265	0	0	0	0	219	219	1848	0	21	16	0	0	0
2014-11-03	1489970	0	0	0	0	128	128	1848	0	6.5	1.5	0	0	0
2014-11-03	1490982	0	0	0	0	109	109	1848	0	0	0	0	0	0
2014-11-03	1491628	0	0	0	0	190	190	1848	0	11	6	3	0	0
2014-11-03	1491960	0	0	0	0	138	158	1848	0	11	6	0	0	0
2014-11-03	1492027	0	0	0	0	110	110	1848	0	11	6	0	0	0
2014-11-03	1494173	0	0	0	0	199	199	1848	0	11.94	6.94	0	0	0
2014-11-03	1494212	0	0	0	0	139	139	1848	0	8.34	3.34	0	0	0
2014-11-03	1500658	0	0	0	0	218	218	1848	0	11	6	0	0	0
2014-11-03	1500946	0	0	0	0	356	356	1848	0	17.8	12.8	1	0	0
2014-11-03	1502348	0	0	0	0	278	278	1848	0	23	18	0	0	0
2014-11-03	1503566	0	0	0	0	128	128	1848	0	8	3	0	0	0
2014-11-03	1503588	0	0	0	0	217	217	1848	0	10.85	5.85	0	0	0
2014-11-03	1503720	0	0	0	0	138	138	1848	0	13.8	8.8	0	0	0
2014-11-03	1503826	0	0	0	0	138	138	1848	0	13.8	8.8	0	0	0
2014-11-03	1503839	0	0	0	0	128	128	1848	0	0	0	0	0	0
2014-11-03	1504131	0	0	0	0	128	128	1848	0	12.8	7.8	0	0	0
2014-11-03	1504229	0	0	0	0	98	128	1848	0	8	3	0	0	0
2014-11-03	1505054	0	0	0	0	107	107	1848	0	8	3	0	0	0
2014-11-03	1511741	0	0	0	0	198	158	1848	0	18	13	0	0	0
2014-11-03	1512575	0	0	0	0	150	150	1848	0	8	3	0	0	0
2014-11-03	1513637	0	0	1	0	99	99	1848	0	9	4	0	0	0
2014-11-03	1514547	0	0	0	0	188	174.67	1848	0	10	5	0	0	0
2014-11-03	1515759	0	0	0	0	148	148	1848	0	7	2	0	0	0
2014-11-03	1515805	0	0	0	0	139	139	1848	0	6.95	1.95	0	0	0
2014-11-03	1516753	0	0	0	0	109	129	1848	0	11	6	1	0	0
2014-11-03	1516941	0	0	0	0	128	128	1848	0	9	4	0	0	0
2014-11-03	1522296	0	0	0	0	158	158	1848	0	15.8	10.8	0	0	0
2014-11-03	1523530	0	0	2	0	128	128	1848	0	10	5	0	0	0
2014-11-03	1526063	0	0	0	0	168	168	1848	0	14	9	0	0	0
2014-11-03	1526326	0	0	0	0	168	168	1848	0	7	2	0	0	0
2014-11-03	1527206	0	0	0	0	118	118	1848	0	9	4	0	0	0
2014-11-03	1527347	0	0	0	0	128	128	1848	0	9	4	0	0	0
2014-11-03	1527649	0	0	0	0	148	148	1848	0	7.4	2.4	0	0	0
2014-11-03	1527744	0	0	0	0	278	278	1848	0	9	4	0	0	0
2014-11-03	1527978	0	0	0	0	108	181.33	1848	0	11	6	0	0	0
2014-11-03	1528079	0	0	0	0	138	168	1848	0	14	9	0	0	0
2014-11-03	1528142	0	0	0	0	198	198	1848	0	10	5	0	0	0
2014-11-03	1532994	0	0	0	0	100	100	1848	0	8	3	0	0	0
2014-11-03	1533219	0	0	0	0	168	168	1848	0	8.4	3.4	0	0	0
2014-11-03	1533233	0	0	0	0	178	178	1848	0	8.9	3.9	0	0	0
2014-11-03	1533248	0	0	0	0	268	268	1848	0	13.4	8.4	0	0	0
2014-11-03	1533544	0	0	0	0	140	140	1848	0	10	5	0	0	0
2014-11-03	1533613	0	0	0	0	268	268	1848	0	21	16	0	0	0
2014-11-03	1533795	0	0	0	0	256	256	1848	0	11	6	0	0	0
2014-11-03	1533889	0	0	0	0	109	149	1848	0	5.45	0.45	1	0	0
2014-11-03	1534047	0	0	0	0	127	147	1848	0	6.35	1.35	0	0	0
2014-11-03	1534114	0	0	0	0	108	128	1848	0	8	3	0	0	0
2014-11-03	1534237	0	0	0	0	168	168	1848	0	8.4	3.4	0	0	0
2014-11-03	1534702	0	0	0	0	109	109	1848	0	9	4	0	0	0
2014-11-03	1534707	0	0	0	0	99	99	1848	0	9	4	0	0	0
2014-11-03	1535460	0	0	0	0	158	158	1848	0	0	0	0	0	0
2014-11-03	1535470	0	0	0	0	78	78	1848	0	6	1	0	0	0
2014-11-03	1537930	0	0	0	0	178	176	1848	0	11	6	0	0	0
2014-11-03	1537955	0	0	0	0	135	133	1848	0	9	4	1	0	0
2014-11-03	1537962	0	0	0	0	148	146	1848	0	10	5	1	0	0
2014-11-03	1538368	0	0	0	0	137	157	1848	0	6	1	0	0	0
2014-11-03	1538374	0	0	0	0	157	187	1848	0	6	1	0	0	0
2014-11-03	1538450	0	0	0	0	108	108	1848	0	9	4	0	0	0
2014-11-03	1538655	0	0	0	0	128	128	1848	0	6	1	0	0	0
2014-11-03	1538750	0	0	0	0	188	188	1848	0	9	4	0	0	0
2014-11-03	1541464	0	0	0	0	219	219	1848	0	21.9	16.9	0	0	0
2014-11-03	1542460	0	0	0	0	119	149	1848	0	11	6	0	0	0
2014-11-03	1547070	0	0	0	0	109	109	1848	0	9	4	0	0	0
2014-11-03	1547166	0	0	0	0	69	69	1848	0	5.6	0.6	0	0	0
2014-11-03	1552307	0	0	0	0	108	198	1848	0	11	6	0	0	0
2014-11-03	1552335	0	0	0	0	218	218	1848	0	10	5	0	0	0
2014-11-03	1552427	0	0	0	0	99	158	1848	0	9.9	4.9	0	0	0
2014-11-03	1552521	0	0	0	0	208	208	1848	0	20.8	15.8	0	0	0
2014-11-03	1552724	0	0	0	0	138	138	1848	0	11	6	0	0	0
2014-11-03	1552911	0	0	0	0	188	188	1848	0	10	5	0	0	0
2014-11-03	1553277	0	0	0	0	158	158	1848	0	15	10	0	0	0
2014-11-03	1553657	0	0	0	0	118.9	118.9	1848	0	9.9	4.9	0	0	0
2014-11-03	1555750	0	0	0	0	128	98	1848	0	12	7	0	0	0
2014-11-03	1557379	0	0	0	0	188	188	1848	0	18.8	13.8	0	0	0
2014-11-03	1558621	0	0	0	0	98	98	1848	0	8	3	0	0	0
2014-11-03	1563820	0	0	0	0	108	148	1848	0	9	4	0	0	0
2014-11-03	1565797	0	0	0	0	258	258	1848	0	25.8	20.8	0	0	0
2014-11-03	1565914	0	0	0	0	138	138	1848	0	14	9	0	0	0
2014-11-03	1566040	0	0	0	0	129	129	1848	0	0	0	0	0	0
2014-11-03	1568935	0	0	0	0	138	168	1848	0	6.9	1.9	0	0	0
2014-11-03	1568990	0	0	0	0	158	158	1848	0	15.8	10.8	0	0	0
2014-11-03	1569069	0	0	1	0	119	139	1848	0	5	0	0	0	0
2014-11-03	1572360	0	0	0	0	128	128	1848	0	12.8	7.8	0	0	0
2014-11-03	1574431	0	0	0	0	128	128	1848	0	10	5	0	0	0
2014-11-03	1575364	0	0	0	0	129	129	1848	0	12.9	7.9	0	0	0
2014-11-03	1575423	0	0	0	0	159	159	1848	0	15.9	10.9	0	0	0
2014-11-03	1575453	0	0	0	0	78	78	1848	0	7.8	2.8	0	0	0
2014-11-03	1576267	0	0	0	0	99	99	1848	0	6	1	0	0	0
2014-11-03	1577156	0	0	0	0	208	208	1848	0	21	16	0	0	0
2014-11-03	1577175	0	0	0	0	168	168	1848	0	17	12	0	0	0
2014-11-03	1667899	0	0	0	0	118	0	1848	0	6	1	0	0	0
2014-11-03	1688166	0	0	0	0	99	0	1848	0	10	5	0	0	0
2014-11-03	1688219	0	0	0	0	139	0	1848	0	14	9	0	0	0
