2014-09-28	102110	0	0	0	1	98	98	12345	12284	10	5	0	0	0
2014-09-28	107857	0	0	1	0	118	118	12345	12284	12	7	0	0	0
2014-09-28	133136	0	0	0	0	98	98	12345	12284	8	3	0	0	0
2014-09-28	201509	0	0	0	0	126	126	12345	12284	10	5	0	0	0
2014-09-28	226601	0	0	0	0	78	78	12345	12284	6	1	0	0	3
2014-09-28	247337	0	0	0	0	128	128	12345	12284	13	8	6	0	0
2014-09-28	247825	0	0	0	2	99	99	12345	12284	7	2	0	0	0
2014-09-28	251961	0	0	0	0	88	88	12345	12284	10	5	0	0	0
2014-09-28	257577	0	0	0	0	88	88	12345	12284	8	3	0	0	0
2014-09-28	264602	0	0	1	1	98	98	12345	12284	8	3	0	0	0
2014-09-28	266953	0	0	0	0	168	168	12345	12284	8	3	0	0	0
2014-09-28	268788	0	0	0	0	129	129	12345	12284	6	1	0	0	0
2014-09-28	270244	0	0	0	0	78	78	12345	12284	6	1	0	0	0
2014-09-28	270245	0	0	0	0	98	98	12345	12284	7	2	0	0	0
2014-09-28	273165	0	0	0	0	88	88	12345	12284	7	2	0	0	0
2014-09-28	304104	0	0	0	0	148	148	12345	12284	15	10	0	0	0
2014-09-28	305806	0	0	2	2	70	70	12345	12284	7	2	0	0	0
2014-09-28	334306	0	0	0	1	128	128	12345	12284	9	4	0	0	1
2014-09-28	334313	0	0	2	2	138	138	12345	12284	10	5	0	0	0
2014-09-28	338691	0	0	0	1	88	88	12345	12284	10	5	0	0	0
2014-09-28	348141	0	0	0	0	138	138	12345	12284	14	9	0	0	0
2014-09-28	350314	0	0	0	0	118	118	12345	12284	12	7	0	0	0
2014-09-28	353086	0	0	0	0	229	229	12345	12284	23	18	0	0	0
2014-09-28	353365	0	0	0	0	89	89	12345	12284	8	3	0	0	1
2014-09-28	354164	0	0	0	1.5	99	99	12345	12284	1	-4	0	0	0
2014-09-28	354792	0	0	0	0	80	80	12345	12284	6	1	0	0	0
2014-09-28	359088	0	0	7	9	179	179	12345	12284	14	9	0	0	5
2014-09-28	360230	0	0	0	2	98	98	12345	12284	7	2	0	0	1
2014-09-28	364308	0	0	0	0	138	138	12345	12284	9.66	4.66	0	0	0
2014-09-28	364692	0	0	3	3	68	68	12345	12284	6.8	1.8	0	0	5
2014-09-28	366805	0	0	1	2.5	119	119	12345	12284	11	6	0	0	0
2014-09-28	367570	0	0	0	0	268	268	12345	12284	13.4	8.4	0	0	0
2014-09-28	367618	0	0	0	0	298	298	12345	12284	14.9	9.9	0	0	0
2014-09-28	367695	0	0	0	0	480	480	12345	12284	24	19	0	0	0
2014-09-28	368228	0	0	0	1	118	118	12345	12284	12	7	0	0	1
2014-09-28	369067	0	0	5	8.33	99	99	12345	12284	0	-5	8	0	0
2014-09-28	369279	0	0	0	0	148	148	12345	12284	8	3	0	0	0
2014-09-28	369287	0	0	0	6	168	168	12345	12284	8	3	0	0	0
2014-09-28	370298	0	0	1	0	128	128	12345	12284	13	8	5	0	1
2014-09-28	371853	2	0	6	1	138	138	12345	12284	13	8	0	0	1
2014-09-28	373041	0	0	0	1	88	88	12345	12284	7	2	0	0	0
2014-09-28	373360	0	0	0	0	118	118	12345	12284	9	4	0	0	0
2014-09-28	378133	0	0	0	1	168	168	12345	12284	8.4	3.4	1	0	0
2014-09-28	379525	0	0	3	7	127	127	12345	12284	7	2	1	0	4
2014-09-28	379582	0	0	0	1.33	147	147	12345	12284	7	2	0	0	4
2014-09-28	381453	0	0	0	0	88	88	12345	12284	6	1	0	0	0
2014-09-28	399471	0	0	0	1.5	119	119	12345	12284	10	5	1	0	3
2014-09-28	399611	0	0	1	0	128	128	12345	12284	12.8	7.8	0	0	0
2014-09-28	399667	0	0	0	0	148	148	12345	12284	14	9	0	0	0
2014-09-28	401536	0	0	0	0	78	78	12345	12284	0	0	0	0	0
2014-09-28	421220	0	0	0	0	108	108	12345	12284	8	3	0	0	0
2014-09-28	421287	0	0	0	0	168	168	12345	12284	20	15	0	0	3
2014-09-28	421298	0	0	0	0	108	108	12345	12284	9	4	0	0	0
2014-09-28	421840	0	0	0	0	148	148	12345	12284	8	3	0	0	0
2014-09-28	421896	0	0	0	0	138	138	12345	12284	7	2	0	0	1
2014-09-28	423570	0	0	1	0	98	98	12345	12284	8	3	0	0	0
2014-09-28	424689	0	0	0	0	98	98	12345	12284	0	0	0	0	0
2014-09-28	425736	0	0	0	2.5	175	175	12345	12284	8	3	0	0	0
2014-09-28	431273	0	0	0	2	128	128	12345	12284	6.4	1.4	5	0	0
2014-09-28	431511	1	3	1	0	158	158	12345	12284	0	0	0	0	0
2014-09-28	434934	0	0	0	2.5	148	148	12345	12284	7	2	0	0	2
2014-09-28	436021	0	0	0	0	148	148	12345	12284	10	5	0	0	0
2014-09-28	436078	0	0	0	0	168	168	12345	12284	16.8	11.8	0	0	0
2014-09-28	436135	0	0	0	1	148	148	12345	12284	15	10	0	0	0
2014-09-28	437350	0	0	0	5	118	118	12345	12284	12	7	0	0	2
2014-09-28	438158	0	0	0	10	98	98	12345	12284	6	1	0	0	6
2014-09-28	439043	0	0	1	2	148	148	12345	12284	7	2	0	0	3
2014-09-28	439333	0	0	0	0	118	118	12345	12284	11	6	0	0	0
2014-09-28	439410	0	0	0	0	98	98	12345	12284	8	3	0	0	0
2014-09-28	439923	0	0	0	0	128	128	12345	12284	6	1	0	0	0
2014-09-28	440752	0	0	0	1	120	120	12345	12284	6	1	0	0	0
2014-09-28	444719	0	0	0	0	126	126	12345	12284	10	5	1	0	0
2014-09-28	444724	0	0	0	1	148	148	12345	12284	10	5	0	0	0
2014-09-28	445300	0	0	0	0	148	148	12345	12284	15	10	0	0	0
2014-09-28	447855	0	0	0	0	189	189	12345	12284	18.9	13.9	0	0	0
2014-09-28	447859	0	0	0	0	169	169	12345	12284	16.9	11.9	0	0	2
2014-09-28	447860	0	0	0	0	239	239	12345	12284	23.9	18.9	0	0	0
2014-09-28	447866	0	0	0	0	99	99	12345	12284	9.9	4.9	0	0	0
2014-09-28	447870	0	0	0	0	149	149	12345	12284	14.9	9.9	0	0	0
2014-09-28	448774	0	0	0	0	148	148	12345	12284	14	9	0	0	0
2014-09-28	448781	0	0	0	0	158	158	12345	12284	15	10	0	0	0
2014-09-28	449418	0	0	0	6	79	79	12345	12284	5.5	0.5	0	0	0
2014-09-28	449429	0	0	0	0	128	128	12345	12284	6.4	1.4	0	0	0
2014-09-28	449449	0	0	0	0	168	168	12345	12284	8.4	3.4	0	0	0
2014-09-28	449458	0	0	0	0	148	148	12345	12284	7.4	2.4	0	0	0
2014-09-28	449465	0	0	0	0	198	198	12345	12284	9.9	4.9	0	0	0
2014-09-28	449904	0	0	0	0	138	138	12345	12284	0	0	0	0	0
2014-09-28	450191	0	0	0	0	188	188	12345	12284	0	0	0	0	0
2014-09-28	450247	0	0	0	0	228	228	12345	12284	0	0	0	0	0
2014-09-28	450461	0	0	0	0	98	98	12345	12284	6	1	1	0	0
2014-09-28	450575	0	0	0	1	158	158	12345	12284	8	3	0	0	0
2014-09-28	450637	0	0	0	0	88	88	12345	12284	7	2	0	0	0
2014-09-28	450697	0	0	0	0	120	120	12345	12284	6	1	0	0	1
2014-09-28	450790	0	0	0	3	108	108	12345	12284	10.8	5.8	0	0	2
2014-09-28	450793	0	0	0	1	97	97	12345	12284	7	2	0	0	1
2014-09-28	450831	0	0	0	0	99	99	12345	12284	9.9	4.9	0	0	0
2014-09-28	450972	0	0	0	0	178	178	12345	12284	8	3	2	0	0
2014-09-28	451051	0	0	0	0	99	0	12345	12284	0	0	0	0	0
2014-09-28	454696	0	0	0	0	168	168	12345	12284	8.4	3.4	0	0	1
2014-09-28	454702	0	0	0	1	138	138	12345	12284	6.9	1.9	0	0	0
2014-09-28	454706	0	0	0	1	128	128	12345	12284	6.4	1.4	0	0	0
2014-09-28	454880	0	0	0	0	138	138	12345	12284	11	6	0	0	0
2014-09-28	456121	0	0	0	6.5	106	112.67	12345	12284	7	2	0	0	0
2014-09-28	456594	0	0	0	0	699	699	12345	12284	30	25	0	0	0
2014-09-28	456777	0	0	0	0	166	166	12345	12284	0	0	0	0	0
2014-09-28	456998	0	0	0	0	129	129	12345	12284	6	1	0	0	0
2014-09-28	457161	0	0	0	0	129	129	12345	12284	0	0	0	0	0
2014-09-28	457414	0	0	0	0	149	149	12345	12284	6	1	0	0	0
2014-09-28	457433	0	0	0	0	189	189	12345	12284	6	1	0	0	0
2014-09-28	457448	0	0	0	0	169	169	12345	12284	6	1	0	0	0
2014-09-28	459660	0	0	0	0	159	159	12345	12284	6	1	0	0	0
2014-09-28	460307	0	0	0	0	199	199	12345	12284	7	2	0	0	0
2014-09-28	460501	0	0	2	4	176	176	12345	12284	0	0	1	0	4
2014-09-28	460771	0	0	0	0	127	127	12345	12284	6	1	0	0	0
2014-09-28	463911	0	0	0	1	258	258	12345	12284	13	8	0	0	1
2014-09-28	464067	0	0	0	0	159	159	12345	12284	6	1	0	0	0
2014-09-28	464084	0	0	0	0	199	199	12345	12284	7	2	0	0	0
2014-09-28	464139	0	0	0	0	198	198	12345	12284	0	0	0	0	0
2014-09-28	466016	0	0	0	0	128	128	12345	12284	6.4	1.4	1	0	0
2014-09-28	466136	0	0	0	0	137	137	12345	12284	7	2	0	0	0
2014-09-28	466137	0	0	0	0	147	147	12345	12284	7	2	0	0	0
2014-09-28	466377	0	0	0	0	158	158	12345	12284	7.9	2.9	0	0	0
2014-09-28	466695	0	0	0	0	180	180	12345	12284	10	5	0	0	0
2014-09-28	467871	0	0	0	0	149	149	12345	12284	8	3	0	0	0
2014-09-28	468032	0	0	0	1.5	139	139	12345	12284	7	2	0	0	0
2014-09-28	469424	0	0	0	0	128	128	12345	12284	7	2	0	0	0
2014-09-28	470370	0	0	0	0	118	118	12345	12284	11	6	2	0	0
2014-09-28	470458	0	0	0	0	60	60	12345	12284	6	1	0	0	0
2014-09-28	470624	0	0	0	0	318	318	12345	12284	0	0	0	0	0
2014-09-28	471073	0	0	0	1	99	99	12345	12284	9	4	0	0	0
2014-09-28	471115	0	0	4	3.5	119	119	12345	12284	6	1	0	0	0
2014-09-28	471165	0	0	0	0	138	138	12345	12284	7	2	0	0	0
2014-09-28	471170	0	0	0	0	178	178	12345	12284	8	3	0	0	0
2014-09-28	471225	0	0	4	0	168	168	12345	12284	8	3	0	0	5
2014-09-28	471301	0	0	0	0	126	126	12345	12284	6	1	0	0	0
2014-09-28	471311	0	0	0	0	238	238	12345	12284	8	3	0	0	0
2014-09-28	473762	0	0	0	0	138	138	12345	12284	6.9	1.9	0	0	0
2014-09-28	474398	0	0	0	2.5	130	130	12345	12284	10	5	0	0	1
2014-09-28	474425	0	0	0	1	88	88	12345	12284	8.8	3.8	0	0	0
2014-09-28	475134	0	0	0	0	168	168	12345	12284	6	1	0	0	0
2014-09-28	477642	0	0	0	2	168	168	12345	12284	8	3	0	0	5
2014-09-28	477717	0	0	0	0	78	78	12345	12284	7.8	2.8	0	0	0
2014-09-28	478173	0	0	0	0	148	148	12345	12284	8	3	0	0	0
2014-09-28	478812	0	0	0	3	139	139	12345	12284	0	0	0	0	0
2014-09-28	479432	0	0	0	0	268	268	12345	12284	7	2	0	0	0
2014-09-28	479772	0	0	0	0	338	338	12345	12284	30	25	0	0	0
2014-09-28	479878	0	0	0	0	168	168	12345	12284	0	0	0	0	0
2014-09-28	479976	0	0	0	0	128	128	12345	12284	0	0	0	0	0
2014-09-28	479985	0	0	0	0	138	138	12345	12284	0	0	0	0	0
2014-09-28	491460	0	0	2	1	98	98	12345	12284	8	3	0	0	0
2014-09-28	492001	0	0	0	0	78	78	12345	12284	8	3	0	0	0
2014-09-28	492031	0	0	0	0	108	108	12345	12284	5.4	0.4	0	0	0
2014-09-28	492067	0	0	0	2.33	99	99	12345	12284	0	0	0	0	0
2014-09-28	492570	0	0	0	0	208	208	12345	12284	10	5	0	0	0
2014-09-28	492638	0	0	1	3	118	118	12345	12284	12	7	0	0	0
2014-09-28	493007	0	0	0	0	99	99	12345	12284	7	2	0	0	0
2014-09-28	493053	0	0	0	0	158	158	12345	12284	7.9	2.9	0	0	0
2014-09-28	493373	0	0	0	0	128	128	12345	12284	8	3	0	0	0
2014-09-28	493701	0	0	0	0	168	168	12345	12284	13	8	0	0	0
2014-09-28	493720	0	0	0	0	239	239	12345	12284	11	6	0	0	0
2014-09-28	495128	0	0	0	0	158	158	12345	12284	9	4	0	0	0
2014-09-28	495322	0	0	0	0	118	118	12345	12284	8	3	0	0	0
2014-09-28	495367	0	0	0	0	176	176	12345	12284	8	3	0	0	0
2014-09-28	495369	0	0	0	2	118	118	12345	12284	11	6	0	0	0
2014-09-28	495548	0	0	0	1.5	158	158	12345	12284	3	-2	0	0	2
2014-09-28	495595	0	0	0	0	176	176	12345	12284	10	5	1	0	0
2014-09-28	495679	0	0	0	0	258	258	12345	12284	10	5	0	0	0
2014-09-28	495955	0	0	0	0	158	158	12345	12284	14	9	0	0	0
2014-09-28	496021	0	0	0	0	178	178	12345	12284	9	4	0	0	0
2014-09-28	496081	0	0	0	0	158	158	12345	12284	6	1	0	0	0
2014-09-28	496088	0	0	0	0	229	229	12345	12284	7	2	0	0	2
2014-09-28	496143	0	0	0	0	130	130	12345	12284	6.5	1.5	0	0	0
2014-09-28	496273	0	0	0	1	137	137	12345	12284	7	2	0	0	2
2014-09-28	496390	0	0	0	0	158	158	12345	12284	7.9	2.9	0	0	0
2014-09-28	496420	0	0	0	0	158	158	12345	12284	7.9	2.9	0	0	0
2014-09-28	499073	0	0	0	1	128	128	12345	12284	7	2	0	0	0
2014-09-28	499134	0	0	0	0	138	138	12345	12284	13	8	0	0	0
2014-09-28	499139	0	0	0	0	188	188	12345	12284	9.4	4.4	0	0	0
2014-09-28	499143	0	0	0	0	228	228	12345	12284	11.4	6.4	0	0	0
2014-09-28	499732	0	0	0	0	188	188	12345	12284	6	1	0	0	0
2014-09-28	499733	0	0	0	0	118	118	12345	12284	6	1	0	0	0
2014-09-28	499770	0	0	0	0	410	410	12345	12284	20	15	0	0	0
2014-09-28	499912	0	0	0	2	161	161	12345	12284	8	3	0	0	0
2014-09-28	499916	0	0	0	0	188	188	12345	12284	9.4	4.4	0	0	0
2014-09-28	499979	0	0	0	0	188	188	12345	12284	9	4	0	0	0
2014-09-28	499982	0	0	0	0	198	198	12345	12284	9.9	4.9	0	0	0
2014-09-28	499985	0	0	0	0	268	268	12345	12284	13	8	0	0	0
2014-09-28	500003	0	0	0	0	198	198	12345	12284	9.9	4.9	0	0	0
2014-09-28	500006	0	0	0	0	119	119	12345	12284	12	7	0	0	0
2014-09-28	500019	0	0	0	0	129	129	12345	12284	13	8	0	0	0
2014-09-28	500025	0	0	0	0	398	398	12345	12284	20	15	0	0	0
2014-09-28	500028	0	0	0	0	178	178	12345	12284	18	13	0	0	0
2014-09-28	500032	0	0	0	0	198	198	12345	12284	9.9	4.9	0	0	0
2014-09-28	500359	0	0	0	0	127	127	12345	12284	6	1	0	0	0
2014-09-28	500407	0	0	0	0	138	138	12345	12284	8	3	0	0	0
2014-09-28	500412	0	0	0	0	138	138	12345	12284	8	3	0	0	0
2014-09-28	500432	0	0	0	0	128	128	12345	12284	8	3	0	0	0
2014-09-28	500503	0	0	0	0	138	138	12345	12284	8	3	0	0	0
2014-09-28	500536	0	0	0	0	138	138	12345	12284	12	7	0	0	0
2014-09-28	500679	0	5	0	0	120	120	12345	12284	10	5	0	0	0
2014-09-28	500802	0	0	0	0	159	159	12345	12284	10	5	0	0	0
2014-09-28	502423	0	0	5	6	119	119	12345	12284	9	4	0	0	2
2014-09-28	502467	0	0	0	0	140	140	12345	12284	14	9	0	0	0
2014-09-28	502479	0	0	0	0	248	248	12345	12284	13	8	0	0	0
2014-09-28	502561	0	0	0	0	138	138	12345	12284	14	9	0	0	0
2014-09-28	502601	0	0	0	0	118	118	12345	12284	12	7	0	0	0
2014-09-28	502625	0	0	0	0	118	118	12345	12284	5.9	0.9	0	0	0
2014-09-28	502635	0	0	0	0	138	138	12345	12284	6.9	1.9	0	0	0
2014-09-28	502648	0	0	0	0	138	138	12345	12284	6.9	1.9	0	0	0
2014-09-28	504745	0	0	0	1	388	388	12345	12284	34	29	2	0	4
2014-09-28	504818	0	0	0	0	348	348	12345	12284	17	12	0	0	0
2014-09-28	504869	0	0	0	0	138	138	12345	12284	8	3	0	0	0
2014-09-28	504871	0	0	0	0	148	148	12345	12284	8	3	0	0	0
2014-09-28	506134	0	0	0	0	128	128	12345	12284	6	1	0	0	0
2014-09-28	506495	0	0	0	0	108	108	12345	12284	8	3	0	0	0
2014-09-28	506521	0	0	0	0	286	286	12345	12284	10	5	0	0	0
2014-09-28	506701	0	0	0	1	138	138	12345	12284	10	5	0	0	0
2014-09-28	506737	0	0	0	0	138	138	12345	12284	10	5	0	0	0
2014-09-28	508036	0	0	0	0	88	88	12345	12284	0	0	0	0	0
2014-09-28	508610	0	0	0	0	238	238	12345	12284	19	14	0	0	0
2014-09-28	508666	0	0	0	0	128	128	12345	12284	10.2	5.2	0	0	0
2014-09-28	508833	0	0	0	0	128	128	12345	12284	0	0	0	0	0
2014-09-28	508857	0	0	0	10	88	88	12345	12284	0	0	0	0	7
2014-09-28	509562	0	0	0	0	138	138	12345	12284	13	8	0	0	0
2014-09-28	509987	0	0	0	3.5	128	128	12345	12284	12	7	2	0	0
2014-09-28	510003	0	0	0	2	88	88	12345	12284	8	3	0	0	0
2014-09-28	510080	0	0	0	0	188	188	12345	12284	15	10	0	0	0
2014-09-28	510087	0	0	0	0	88	88	12345	12284	7	2	0	0	0
2014-09-28	510095	0	0	0	0	188	188	12345	12284	15	10	0	0	0
2014-09-28	510100	0	0	0	0	98	98	12345	12284	10	5	0	0	0
2014-09-28	510122	0	0	0	0	188	188	12345	12284	15	10	0	0	0
2014-09-28	514926	0	0	0	0	109	109	12345	12284	0	0	0	0	0
2014-09-28	516204	0	0	0	2	109	109	12345	12284	10	5	0	0	1
2014-09-28	517234	0	0	0	2	118	118	12345	12284	0	0	0	0	5
2014-09-28	518552	0	0	0	0	188	188	12345	12284	9	4	0	0	0
2014-09-28	522374	0	0	1	0	152	152	12345	12284	10	5	4	0	0
2014-09-28	523701	0	0	0	1	118	118	12345	12284	12	7	0	0	1
2014-09-28	523756	0	0	0	0	108	108	12345	12284	10	5	0	0	0
2014-09-28	525233	0	0	0	0	178	178	12345	12284	10.5	5.5	0	0	0
2014-09-28	532639	0	0	0	1	108	108	12345	12284	8	3	0	0	0
2014-09-28	545684	0	0	0	0	138	138	12345	12284	4	-1	0	0	1
2014-09-28	547107	0	0	0	0	118	118	12345	12284	6	1	0	0	1
2014-09-28	547113	0	0	0	0	168	168	12345	12284	8	3	0	0	0
2014-09-28	548293	0	0	0	0	139	139	12345	12284	9	4	0	0	0
2014-09-28	548435	0	0	0	0	108	108	12345	12284	10	5	0	0	0
2014-09-28	548533	0	0	0	0	163	163	12345	12284	25	20	0	0	0
2014-09-28	550068	0	0	0	0	158	158	12345	12284	6	1	0	0	0
2014-09-28	550360	0	0	1	2	188	188	12345	12284	6	1	0	0	0
2014-09-28	550364	0	0	0	0	258	258	12345	12284	8	3	0	0	0
2014-09-28	552978	0	0	0	0	188	188	12345	12284	9.4	4.4	0	0	0
2014-09-28	554637	0	0	0	1	168	168	12345	12284	10	5	1	0	0
2014-09-28	555650	0	0	0	0	119	119	12345	12284	5.95	0.95	0	0	0
2014-09-28	556153	0	0	1	1	119	119	12345	12284	6	1	0	0	0
2014-09-28	556953	0	0	0	0	208	208	12345	12284	8	3	0	0	0
2014-09-28	556969	0	0	0	0	98	98	12345	12284	10	5	0	0	0
2014-09-28	558343	0	0	0	0	328	328	12345	12284	13	8	0	0	0
2014-09-28	558801	0	0	0	0	88	88	12345	12284	0	0	0	0	0
2014-09-28	559195	0	0	0	0	68	68	12345	12284	6	1	0	0	0
2014-09-28	560058	0	0	0	0	88	88	12345	12284	6	1	0	0	0
2014-09-28	560237	0	0	0	0	128	128	12345	12284	10.24	5.24	0	0	0
2014-09-28	562013	0	0	0	1	109	109	12345	12284	7	2	0	0	0
2014-09-28	562046	0	0	0	0	108	108	12345	12284	5.4	0.4	0	0	0
2014-09-28	562141	0	0	0	1	238	238	12345	12284	23.8	18.8	0	0	2
2014-09-28	562341	0	0	0	1	108	108	12345	12284	6	1	0	0	0
2014-09-28	563293	0	0	0	0	208	208	12345	12284	8	3	0	0	0
2014-09-28	566110	0	0	0	0	138	138	12345	12284	14	9	0	0	0
2014-09-28	566739	0	0	0	0	118	118	12345	12284	10	5	0	0	0
2014-09-28	566776	0	0	0	0	70	70	12345	12284	7	2	0	0	0
2014-09-28	566822	0	0	0	0	60	60	12345	12284	6	1	0	0	0
2014-09-28	566996	0	0	0	0	108	108	12345	12284	8	3	0	0	0
2014-09-28	567580	0	0	0	0	158	158	12345	12284	8	3	3	0	0
2014-09-28	568199	0	0	0	0	88	88	12345	12284	7	2	0	0	0
2014-09-28	569860	0	0	0	0	68	68	12345	12284	6	1	0	0	0
2014-09-28	571550	0	0	0	0	119	119	12345	12284	7	2	0	0	3
2014-09-28	571554	0	0	0	0	99	109	12345	12284	4	-1	0	0	0
2014-09-28	571724	0	0	0	1	118	118	12345	12284	5.9	0.9	0	0	0
2014-09-28	571725	0	0	0	2	128	128	12345	12284	6.4	1.4	0	0	0
2014-09-28	572795	0	0	0	0	123	123	12345	12284	6	1	0	0	0
2014-09-28	573031	0	0	2	1	98	98	12345	12284	6	1	0	0	0
2014-09-28	573042	0	0	0	5	168	168	12345	12284	13	8	0	0	0
2014-09-28	574173	0	0	0	0	168	168	12345	12284	8.4	3.4	0	0	0
2014-09-28	574802	0	0	3	2	239	239	12345	12284	0	0	0	0	1
2014-09-28	575181	0	0	0	0	258	258	12345	12284	15	10	0	0	0
2014-09-28	575287	0	0	0	0	106	106	12345	12284	8	3	0	0	0
2014-09-28	575319	0	0	0	2	98	98	12345	12284	7	2	0	0	0
2014-09-28	575603	0	0	0	0	127	127	12345	12284	6	1	0	0	0
2014-09-28	575624	0	0	0	0	99	99	12345	12284	8	3	0	0	0
2014-09-28	575641	0	0	0	0	85	85	12345	12284	6	1	0	0	2
2014-09-28	577701	0	0	0	1	178	178	12345	12284	8	3	0	0	1
2014-09-28	578049	0	0	0	0	110	110	12345	12284	8	3	0	0	0
2014-09-28	578142	0	0	0	0	108	108	12345	12284	8	3	0	0	0
2014-09-28	579815	0	0	0	0	88	88	12345	12284	8	3	0	0	0
2014-09-28	579986	0	0	0	0	78	78	12345	12284	8	3	0	0	0
2014-09-28	580006	0	0	0	0	45	45	12345	12284	10	5	0	0	0
2014-09-28	580208	0	0	0	0	118	118	12345	12284	6	1	0	0	0
2014-09-28	580216	0	0	0	1	128	128	12345	12284	12	7	0	0	0
2014-09-28	580427	0	0	4	6	158	158	12345	12284	13	8	0	0	6
2014-09-28	580739	0	0	0	0	239	239	12345	12284	20	15	0	0	0
2014-09-28	580742	0	0	0	0	269	269	12345	12284	20	15	0	0	0
2014-09-28	580744	0	0	0	0	359	359	12345	12284	20	15	0	0	0
2014-09-28	581448	0	0	0	0	158	158	12345	12284	12	7	0	0	0
2014-09-28	581866	0	0	0	0	312	312	12345	12284	9	4	0	0	0
2014-09-28	582170	0	0	0	3	138	138	12345	12284	8	3	0	0	0
2014-09-28	582292	0	0	0	0	262	262	12345	12284	13	8	0	0	0
2014-09-28	582660	0	0	0	0	68	68	12345	12284	6	1	0	0	0
2014-09-28	582766	0	0	0	0	88	88	12345	12284	8	3	0	0	0
2014-09-28	582821	0	0	0	0	68	68	12345	12284	6	1	0	0	0
2014-09-28	582996	0	0	0	1	238	238	12345	12284	19	14	0	0	0
2014-09-28	583595	0	0	0	0	178	178	12345	12284	8.9	3.9	0	0	1
2014-09-28	583749	0	0	0	3	128	128	12345	12284	18	13	1	0	0
2014-09-28	584013	0	0	0	0	99	99	12345	12284	9	4	0	0	0
2014-09-28	584037	0	0	0	0	262	262	12345	12284	13	8	0	0	0
2014-09-28	584498	3	0	3	4	118	118	12345	12284	6	1	0	0	6
2014-09-28	584792	0	0	0	0	218	218	12345	12284	9	4	0	0	0
2014-09-28	584853	0	0	0	0	120	120	12345	12284	6	1	0	0	0
2014-09-28	586235	0	0	0	0	198	198	12345	12284	10	5	0	0	0
2014-09-28	586391	0	0	0	0	188	188	12345	12284	10	5	0	0	0
2014-09-28	586449	0	0	0	0	198	198	12345	12284	10	5	0	0	0
2014-09-28	586643	0	0	1	4	158	158	12345	12284	9.5	4.5	0	0	1
2014-09-28	587152	0	0	0	0	118	118	12345	12284	11	6	0	0	0
2014-09-28	587177	0	0	0	1	77	77	12345	12284	6	1	0	0	0
2014-09-28	587425	0	0	0	4.67	98	98	12345	12284	0.5	-4.5	0	0	3
2014-09-28	587634	0	0	2	3	138	138	12345	12284	0	-5	0	0	0
2014-09-28	587651	0	0	0	0	139	139	12345	12284	7	2	0	0	0
2014-09-28	587997	0	0	0	1	117	117	12345	12284	7	2	0	0	0
2014-09-28	588018	0	0	0	0	137	137	12345	12284	7	2	0	0	0
2014-09-28	588322	0	0	3	3	119	119	12345	12284	12	7	4	0	0
2014-09-28	588559	0	0	0	0	588	588	12345	12284	58	53	0	0	0
2014-09-28	588608	0	0	0	0	80	80	12345	12284	8	3	0	0	0
2014-09-28	588724	0	0	0	0	128	128	12345	12284	6.4	1.4	0	0	0
2014-09-28	588841	0	0	0	2	108	108	12345	12284	11	6	0	0	0
2014-09-28	588900	0	0	0	0	138	138	12345	12284	7	2	0	0	0
2014-09-28	591331	0	0	0	0	136	136	12345	12284	6	1	0	0	0
2014-09-28	591766	0	0	0	1.5	128	128	12345	12284	8	3	0	0	0
2014-09-28	592051	0	0	1	0	180	180	12345	12284	18	13	0	0	0
2014-09-28	592281	0	0	0	0	168	168	12345	12284	16	11	0	0	0
2014-09-28	592374	0	0	0	0	128	128	12345	12284	0	0	0	0	0
2014-09-28	593034	0	0	0	0	158	158	12345	12284	8	3	0	0	0
2014-09-28	594977	0	0	0	1	118	118	12345	12284	7	2	0	0	0
2014-09-28	595311	0	0	0	0	228	228	12345	12284	11	6	0	0	0
2014-09-28	595342	0	0	0	0	148	148	12345	12284	7	2	0	0	0
2014-09-28	595343	0	0	0	0	168	168	12345	12284	8	3	0	0	0
2014-09-28	596885	0	0	0	0	166	166	12345	12284	5	0	1	0	0
2014-09-28	597095	0	0	0	0	98	98	12345	12284	8	3	0	0	0
2014-09-28	597181	0	0	0	1.5	120	120	12345	12284	10	5	0	0	0
2014-09-28	597375	0	0	0	0	76	76	12345	12284	6	1	0	0	0
2014-09-28	598598	0	0	0	0	142	142	12345	12284	14	9	0	0	0
2014-09-28	598793	0	0	0	0	138	138	12345	12284	9	4	0	0	0
2014-09-28	598971	0	0	0	0	58	58	12345	12284	8	3	0	0	1
2014-09-28	599366	0	0	0	0	130	130	12345	12284	0	0	0	0	0
2014-09-28	599500	0	0	0	0	138	138	12345	12284	0	0	0	0	0
2014-09-28	599940	0	0	0	0	300	300	12345	12284	24	19	0	0	0
2014-09-28	600248	0	0	0	1	99	99	12345	12284	9	4	0	0	3
2014-09-28	600522	0	0	0	0	118	118	12345	12284	6	1	0	0	0
2014-09-28	601384	0	0	0	0	70	70	12345	12284	7	2	0	0	0
2014-09-28	601436	0	0	0	0	168	0	12345	12284	0	0	0	0	0
2014-09-28	602909	0	0	0	0	128	128	12345	12284	5.2	0.2	0	0	0
2014-09-28	604007	0	0	0	0	138	138	12345	12284	8	3	0	0	0
2014-09-28	605300	0	0	0	0	138	138	12345	12284	6	1	0	0	0
2014-09-28	605459	0	0	0	0	168	168	12345	12284	7	2	0	0	0
2014-09-28	605505	0	0	0	0	138	138	12345	12284	6	1	0	0	0
2014-09-28	605756	0	0	0	0	118	118	12345	12284	9	4	0	0	0
2014-09-28	605763	0	0	0	0	118	118	12345	12284	11	6	2	0	0
2014-09-28	605785	0	0	0	1	120	120	12345	12284	8	3	0	0	0
2014-09-28	606782	0	0	0	0	278	278	12345	12284	14	9	0	0	0
2014-09-28	607993	0	0	0	0	145	145	12345	12284	10	5	0	0	0
2014-09-28	609714	0	0	0	0	99	99	12345	12284	9	4	0	0	0
2014-09-28	609744	0	0	0	2	168	168	12345	12284	7	2	0	0	0
2014-09-28	609765	0	0	0	0	78	78	12345	12284	6	1	0	0	0
2014-09-28	609827	0	0	0	1	168	168	12345	12284	7	2	0	0	0
2014-09-28	610021	0	0	0	0	148	148	12345	12284	6	1	0	0	0
2014-09-28	610168	0	0	1	0	128	128	12345	12284	8	3	0	0	0
2014-09-28	610176	0	0	0	0	138	138	12345	12284	8	3	0	0	1
2014-09-28	610266	0	0	0	0	110	110	12345	12284	8	3	0	0	0
2014-09-28	610558	0	0	0	0	150	150	12345	12284	6	1	0	0	0
2014-09-28	610627	0	0	0	0	320	320	12345	12284	32	27	0	0	0
2014-09-28	612023	0	0	0	0	70	70	12345	12284	7	2	0	0	0
2014-09-28	612385	0	0	0	0	88	88	12345	12284	7	2	0	0	0
2014-09-28	612460	0	0	0	0	108	108	12345	12284	10	5	0	0	1
2014-09-28	614752	0	0	0	0	148	0	12345	12284	0	0	0	0	0
2014-09-28	614863	0	0	0	0	68	68	12345	12284	7	2	0	0	0
2014-09-28	614914	0	0	0	0	267	267	12345	12284	6	1	0	0	0
2014-09-28	615204	0	0	0	0	70	70	12345	12284	7	2	0	0	0
2014-09-28	615415	0	0	2	0	238	238	12345	12284	19	14	0	0	0
2014-09-28	615801	0	0	0	0	188	188	12345	12284	9	4	0	0	0
2014-09-28	615823	0	0	0	0	69	69	12345	12284	7	2	0	0	0
2014-09-28	617268	0	0	0	0	108	108	12345	12284	10	5	0	0	0
2014-09-28	617350	0	0	0	0	118	118	12345	12284	10	5	0	0	0
2014-09-28	617392	0	0	0	0	78	78	12345	12284	8	3	0	0	0
2014-09-28	617452	0	0	0	0	128	128	12345	12284	18	13	0	0	0
2014-09-28	617704	0	0	0	1	148	148	12345	12284	6	1	0	0	1
2014-09-28	618589	0	0	1	1	98	98	12345	12284	8	3	0	0	0
2014-09-28	619104	0	0	0	0	128	128	12345	12284	6	1	0	0	0
2014-09-28	619115	0	0	0	0	115	115	12345	12284	6	1	0	0	2
2014-09-28	619489	0	0	0	0	244	244	12345	12284	12	7	0	0	0
2014-09-28	620492	0	0	0	0	168	168	12345	12284	8	3	0	0	0
2014-09-28	620552	0	0	0	0	118	118	12345	12284	5.9	0.9	0	0	0
2014-09-28	621766	0	0	0	0	128	128	12345	12284	3	-2	0	0	0
2014-09-28	622058	0	0	0	0	98	98	12345	12284	8	3	0	0	0
2014-09-28	622246	0	0	0	0	318	318	12345	12284	0	0	0	0	0
2014-09-28	622395	0	0	0	1	228	228	12345	12284	22.8	17.8	0	0	1
2014-09-28	624484	0	0	0	8	283	283	12345	12284	14	9	0	0	3
2014-09-28	624504	0	0	3	1.5	283	283	12345	12284	14	9	0	0	1
2014-09-28	624963	0	0	0	0	158	158	12345	12284	8	3	0	0	0
2014-09-28	625064	0	0	0	0	168	168	12345	12284	10	5	0	0	2
2014-09-28	626821	0	0	0	0	99	99	12345	12284	6	1	0	0	0
2014-09-28	627102	0	0	0	0	348	348	12345	12284	35	30	0	0	2
2014-09-28	627338	0	0	0	0	128	128	12345	12284	6	1	0	0	0
2014-09-28	628341	0	0	0	0	78	78	12345	12284	8	3	0	0	0
2014-09-28	628782	0	0	0	0	128	128	12345	12284	12.8	7.8	0	0	0
2014-09-28	628826	0	0	0	0	148	148	12345	12284	14.8	9.8	0	0	0
2014-09-28	628840	0	0	0	0	120	120	12345	12284	6	1	0	0	0
2014-09-28	628875	0	0	0	0	180	180	12345	12284	18	13	0	0	0
2014-09-28	628882	0	0	0	0	158	158	12345	12284	15.8	10.8	0	0	0
2014-09-28	628885	0	0	0	0	110	110	12345	12284	6	1	0	0	0
2014-09-28	629464	0	0	0	0	188	188	12345	12284	9.5	4.5	0	0	0
2014-09-28	629492	0	0	0	0	128	128	12345	12284	6.6	1.6	0	0	0
2014-09-28	629776	0	0	0	0	128	128	12345	12284	6	1	0	0	0
2014-09-28	629797	0	0	0	0	178	178	12345	12284	8	3	0	0	0
2014-09-28	630148	0	0	0	0	128	128	12345	12284	6	1	0	0	0
2014-09-28	630396	0	0	0	0	88	88	12345	12284	6	1	0	0	0
2014-09-28	630458	0	0	0	0	148	148	12345	12284	7	2	0	0	0
2014-09-28	630471	0	0	0	2	118	118	12345	12284	9	4	0	0	0
2014-09-28	630886	0	0	0	0	138	138	12345	12284	8	3	0	0	0
2014-09-28	631760	0	0	0	0	139	139	12345	12284	7	2	0	0	0
2014-09-28	631765	0	0	0	0	178	178	12345	12284	8	3	0	0	0
2014-09-28	631767	0	0	0	0	118	118	12345	12284	6	1	0	0	0
2014-09-28	632277	0	0	0	2	368	368	12345	12284	13	8	0	0	1
2014-09-28	632609	0	0	0	1	78	78	12345	12284	8	3	0	0	0
2014-09-28	632624	0	0	0	0	68	68	12345	12284	8	3	0	0	0
2014-09-28	632804	0	0	0	0	78	78	12345	12284	10	5	0	0	0
2014-09-28	633202	0	0	0	0	128	128	12345	12284	7	2	0	0	0
2014-09-28	633312	0	0	0	0	88	88	12345	12284	8	3	0	0	0
2014-09-28	633488	0	0	0	0	248	248	12345	12284	7	2	0	0	0
2014-09-28	633596	0	0	0	0	148	148	12345	12284	7	2	0	0	0
2014-09-28	633646	0	0	0	0	208	208	12345	12284	10	5	0	0	0
2014-09-28	633708	0	0	0	0	298	298	12345	12284	14	9	0	0	0
2014-09-28	633946	0	0	0	0	168	168	12345	12284	8	3	0	0	0
2014-09-28	634625	0	0	0	0	238	238	12345	12284	7.2	2.2	0	0	0
2014-09-28	634869	0	0	0	0	218	218	12345	12284	17	12	0	0	0
2014-09-28	635012	0	0	0	0	168	168	12345	12284	8	3	0	0	0
2014-09-28	635133	0	0	0	0	208	208	12345	12284	10	5	0	0	0
2014-09-28	635527	0	0	0	0	78	78	12345	12284	10	5	0	0	0
2014-09-28	636006	0	0	0	0	108	108	12345	12284	8.5	3.5	0	0	0
2014-09-28	636188	0	0	0	0	88	88	12345	12284	8	3	0	0	0
2014-09-28	636201	0	0	0	2	78	78	12345	12284	6	1	0	0	1
2014-09-28	636211	0	0	0	0	108	108	12345	12284	8	3	0	0	0
2014-09-28	636748	0	0	0	0	158	158	12345	12284	6	1	0	0	0
2014-09-28	636761	0	0	0	0	288	288	12345	12284	11	6	0	0	0
2014-09-28	637696	0	0	0	0	122	122	12345	12284	6	1	0	0	0
2014-09-28	638459	0	0	1	1	108	108	12345	12284	10	5	0	0	0
2014-09-28	638743	0	0	0	1	147	147	12345	12284	7	2	0	0	0
2014-09-28	639099	0	0	0	0	217	217	12345	12284	9	4	0	0	0
2014-09-28	639704	0	0	0	0	148	148	12345	12284	7	2	0	0	0
2014-09-28	639768	0	0	0	0	88	88	12345	12284	8	3	0	0	0
2014-09-28	639773	0	0	1	0	66	66	12345	12284	6	1	2	0	0
2014-09-28	640611	0	0	0	0	155	155	12345	12284	13	8	0	0	2
2014-09-28	640618	0	0	0	0	125	125	12345	12284	6.5	1.5	0	0	0
2014-09-28	640697	0	0	0	0	100	100	12345	12284	10	5	0	0	0
2014-09-28	641799	0	0	0	0	118	118	12345	12284	10	5	0	0	0
2014-09-28	641929	0	0	0	0	126	126	12345	12284	6	1	0	0	0
2014-09-28	641967	0	0	0	1	188	188	12345	12284	15	10	0	0	0
2014-09-28	642531	0	0	0	0	128	128	12345	12284	13	8	0	0	0
2014-09-28	642538	0	0	0	2.67	98	98	12345	12284	10	5	0	0	3
2014-09-28	642646	0	0	1	1	138	138	12345	12284	7	2	0	0	0
2014-09-28	643157	0	0	0	0	88	88	12345	12284	8	3	0	0	0
2014-09-28	647322	0	0	0	0	5800	5800	12345	12284	290	285	0	0	0
2014-09-28	648750	0	0	1	0	88	88	12345	12284	6	1	2	0	2
2014-09-28	648754	0	0	0	2	99	99	12345	12284	7	2	0	0	0
2014-09-28	648764	0	0	0	0	99	99	12345	12284	7	2	0	0	0
2014-09-28	648862	0	3	0	1	78	78	12345	12284	6	1	0	0	2
2014-09-28	650672	0	0	2	1	108	108	12345	12284	8	3	1	0	0
2014-09-28	652186	0	0	0	0	158	158	12345	12284	13	8	0	0	0
2014-09-28	652243	0	0	0	0	138	138	12345	12284	10	5	0	0	0
2014-09-28	652438	0	0	0	0	468	468	12345	12284	0	0	0	0	0
2014-09-28	652825	0	0	0	0	128	128	12345	12284	6	1	0	0	0
2014-09-28	652959	1	1	3	0	148	148	12345	12284	13	8	0	0	0
2014-09-28	653149	0	0	0	1	228	228	12345	12284	9	4	0	0	0
2014-09-28	653281	0	0	0	5	138	138	12345	12284	0	0	0	0	0
2014-09-28	653522	0	0	0	0	120	120	12345	12284	9	4	0	0	0
2014-09-28	654683	0	0	0	0	288	288	12345	12284	23	18	0	0	3
2014-09-28	656251	0	0	0	0	100	100	12345	12284	6	1	0	0	0
2014-09-28	657261	0	0	0	0	108	108	12345	12284	8	3	0	0	0
2014-09-28	657751	0	5	1	1	99	99	12345	12284	10	5	0	0	1
2014-09-28	658581	0	0	0	0	288	288	12345	12284	28	23	0	0	0
2014-09-28	658598	0	0	0	0	73	73	12345	12284	8	3	0	0	0
2014-09-28	658838	0	1	0	3.33	198	198	12345	12284	10	5	0	0	0
2014-09-28	658860	0	0	0	0	138	138	12345	12284	13	8	0	0	0
2014-09-28	659075	0	0	0	0	88	88	12345	12284	7	2	0	0	0
2014-09-28	659082	0	0	0	1	360	360	12345	12284	36	31	0	0	0
2014-09-28	659383	0	0	0	0	119	119	12345	12284	6	1	0	0	0
2014-09-28	659436	0	0	0	0	398	398	12345	12284	20	15	0	0	0
2014-09-28	659455	0	0	0	0	368	368	12345	12284	18	13	0	0	0
2014-09-28	660655	0	0	0	0	278	278	12345	12284	0	0	0	0	0
2014-09-28	660659	0	0	0	0	508	508	12345	12284	50	45	0	0	0
2014-09-28	661749	0	0	0	0	136	136	12345	12284	10	5	0	0	1
2014-09-28	662139	0	0	0	0	98	98	12345	12284	0	0	0	0	0
2014-09-28	662411	0	0	0	1	129	129	12345	12284	8	3	0	0	1
2014-09-28	662442	0	0	0	0	149	149	12345	12284	9	4	0	0	0
2014-09-28	662763	0	0	0	0	108	108	12345	12284	8	3	0	0	0
2014-09-28	663098	0	0	0	0	138	138	12345	12284	10	5	0	0	0
2014-09-28	663172	0	0	0	1	88	88	12345	12284	6	1	0	0	0
2014-09-28	663201	1	0	1	0	138	138	12345	12284	10	5	0	0	0
2014-09-28	664434	0	0	0	0	158	158	12345	12284	11	6	0	0	0
2014-09-28	664670	0	0	0	0	128	128	12345	12284	6.5	1.5	0	0	0
2014-09-28	664775	0	0	1	2	188	188	12345	12284	16	11	0	0	2
2014-09-28	664883	0	0	1	1	268	268	12345	12284	20	15	0	0	0
2014-09-28	665501	0	0	0	0	198	198	12345	12284	8	3	0	0	0
2014-09-28	666693	0	0	0	0	88	88	12345	12284	7	2	0	0	0
2014-09-28	667078	0	0	0	2	138	138	12345	12284	8	3	0	0	0
2014-09-28	667092	0	0	1	1	108	108	12345	12284	8	3	1	0	0
2014-09-28	667163	0	0	0	3	268	268	12345	12284	242	237	0	0	0
2014-09-28	667506	0	0	1	0	118	118	12345	12284	7	2	0	0	0
2014-09-28	667512	0	0	3	0	128	128	12345	12284	8	3	0	0	0
2014-09-28	667599	0	0	0	0	168	168	12345	12284	8	3	0	0	0
2014-09-28	668534	0	0	0	0	88	88	12345	12284	8	3	0	0	0
2014-09-28	668541	0	0	0	0	108	108	12345	12284	8	3	0	0	0
2014-09-28	669795	0	0	0	0	109	109	12345	12284	8	3	0	0	0
2014-09-28	670768	0	0	5	1.5	127	127	12345	12284	6	1	1	0	0
2014-09-28	671374	0	0	0	0	130	130	12345	12284	8	3	0	0	0
2014-09-28	671388	0	0	0	0	78	78	12345	12284	6	1	0	0	0
2014-09-28	671447	0	0	0	0	99	99	12345	12284	6	1	0	0	0
2014-09-28	671700	0	0	0	0	358	358	12345	12284	14	9	0	0	0
2014-09-28	673719	0	0	0	0	80	80	12345	12284	6.4	1.4	0	0	0
2014-09-28	673949	0	0	0	0	65	65	12345	12284	6	1	0	0	0
2014-09-28	673967	0	0	0	0	60	60	12345	12284	5.4	0.4	0	0	0
2014-09-28	673995	0	0	0	0	140	140	12345	12284	13	8	0	0	0
2014-09-28	675790	0	0	0	2	138	138	12345	12284	6	1	0	0	0
2014-09-28	678125	0	0	1	1	139	139	12345	12284	14	9	1	0	3
2014-09-28	678134	0	0	1	1	139	139	12345	12284	14	9	0	0	3
2014-09-28	679119	0	0	0	1	88	88	12345	12284	8	3	0	0	0
2014-09-28	679288	0	0	0	0	76	76	12345	12284	6	1	0	0	0
2014-09-28	679319	0	0	0	0	148	148	12345	12284	8	3	0	0	0
2014-09-28	679639	0	0	0	0	128	128	12345	12284	7	2	0	0	0
2014-09-28	679747	0	0	0	0	118	118	12345	12284	6	1	0	0	0
2014-09-28	681165	0	0	0	0	188	188	12345	12284	10	5	0	0	0
2014-09-28	681380	0	0	0	0	118	198	12345	12284	8.26	3.26	0	0	0
2014-09-28	681421	0	0	0	1	88	88	12345	12284	7	2	0	0	0
2014-09-28	681569	0	0	1	2	158	158	12345	12284	12	7	0	0	0
2014-09-28	681892	0	0	0	0	198	198	12345	12284	20	15	0	0	0
2014-09-28	682193	0	0	0	1	148	148	12345	12284	15	10	0	0	1
2014-09-28	683131	0	0	0	0	288	288	12345	12284	15	10	0	0	0
2014-09-28	683227	0	0	0	0	90	90	12345	12284	9	4	0	0	0
2014-09-28	684015	0	0	0	1	98	98	12345	12284	6	1	1	0	0
2014-09-28	684170	0	0	0	0	158	158	12345	12284	7	2	0	0	0
2014-09-28	684185	0	0	0	0	178	178	12345	12284	8	3	0	0	0
2014-09-28	684201	0	0	0	0	138	138	12345	12284	11	6	0	0	0
2014-09-28	684496	0	0	0	0	148	148	12345	12284	6	1	0	0	0
2014-09-28	685301	0	0	0	3	108	108.33	12345	12284	5	0	3	0	12
2014-09-28	688340	0	0	0	0	108	108	12345	12284	9	4	0	0	0
2014-09-28	688410	0	0	0	2	208	208	12345	12284	10	5	0	0	0
2014-09-28	688522	0	0	0	0	120	120	12345	12284	6	1	0	0	0
2014-09-28	688702	0	0	0	0	108	108	12345	12284	6	1	0	0	0
2014-09-28	689036	0	0	1	0	108	108	12345	12284	6	1	1	0	1
2014-09-28	690601	0	0	0	0	318	318	12345	12284	0	0	0	0	0
2014-09-28	690758	0	0	0	2.5	138	138	12345	12284	0	0	0	0	0
2014-09-28	691168	0	0	0	0	198	198	12345	12284	10	5	0	0	0
2014-09-28	691947	0	0	0	0	188	188	12345	12284	10	5	0	0	0
2014-09-28	692051	0	0	0	0	118	118	12345	12284	9.4	4.4	0	0	0
2014-09-28	692439	0	0	0	0	88	88	12345	12284	8	3	0	0	0
2014-09-28	692778	0	0	0	0	78	78	12345	12284	8	3	0	0	0
2014-09-28	692831	0	0	0	0	118	118	12345	12284	5.9	0.9	0	0	0
2014-09-28	692887	0	0	0	0	69	69	12345	12284	6	1	0	0	0
2014-09-28	692989	0	0	0	0	98	98	12345	12284	8	3	0	0	0
2014-09-28	693397	0	0	0	0	108	108	12345	12284	8	3	0	0	0
2014-09-28	694022	0	0	0	0	128	128	12345	12284	6	1	0	0	0
2014-09-28	694031	0	0	0	0	148	148	12345	12284	6	1	0	0	0
2014-09-28	694548	0	0	1	1	95	95	12345	12284	10	5	0	0	0
2014-09-28	695669	0	0	0	0	128	128	12345	12284	7	2	0	0	0
2014-09-28	698246	0	0	0	0	118	118	12345	12284	6	1	0	0	0
2014-09-28	698258	0	0	0	0	158	158	12345	12284	8	3	0	0	0
2014-09-28	698490	0	0	0	0	79	79	12345	12284	6.4	1.4	0	0	0
2014-09-28	699769	0	0	0	0	118	118	12345	12284	11	6	0	0	0
2014-09-28	700304	0	0	0	1	182	182	12345	12284	9	4	0	0	0
2014-09-28	700505	0	0	0	0	130	130	12345	12284	10	5	0	0	0
2014-09-28	700510	0	0	0	2	120	120	12345	12284	0	-5	0	0	3
2014-09-28	700770	0	0	0	0	158	158	12345	12284	7.9	2.9	0	0	0
2014-09-28	700989	0	0	0	0	388	388	12345	12284	38.8	33.8	1	0	0
2014-09-28	701058	0	0	0	0	118	118	12345	12284	5.9	0.9	0	0	0
2014-09-28	701361	0	0	0	0	119	119	12345	12284	12	7	0	0	0
2014-09-28	701876	0	0	0	2	128	128	12345	12284	8	3	0	0	0
2014-09-28	701974	0	0	0	1	169	169	12345	12284	8	3	2	0	0
2014-09-28	702637	0	0	0	0	148	148	12345	12284	0	0	0	0	0
2014-09-28	703143	0	0	1	0	99	99	12345	12284	7	2	0	0	0
2014-09-28	704193	0	0	0	0	88	88	12345	12284	6.3	1.3	0	0	1
2014-09-28	704229	0	0	0	0	238	238	12345	12284	11.9	6.9	0	0	0
2014-09-28	704320	0	0	0	0	168	168	12345	12284	8.4	3.4	0	0	0
2014-09-28	704441	0	0	0	0	158	158	12345	12284	8	3	0	0	0
2014-09-28	704772	0	0	0	0	80	80	12345	12284	6.5	1.5	0	0	0
2014-09-28	705797	0	0	5	4.5	108	108	12345	12284	10	5	0	0	1
2014-09-28	705889	0	0	0	0	188	188	12345	12284	18	13	0	0	0
2014-09-28	706708	0	0	0	1	108	108	12345	12284	9	4	0	0	6
2014-09-28	706730	0	0	0	0	498	498	12345	12284	40	35	0	0	0
2014-09-28	706983	0	0	0	0	108	108	12345	12284	8	3	0	0	0
2014-09-28	706994	0	0	0	0	108	108	12345	12284	8	3	0	0	0
2014-09-28	706998	0	0	1	0	329	329	12345	12284	10	5	0	0	0
2014-09-28	707315	0	0	0	0	138	138	12345	12284	7	2	0	0	0
2014-09-28	708053	0	0	0	2	178	178	12345	12284	0	0	0	0	0
2014-09-28	708175	0	0	0	1	128	128	12345	12284	13	8	0	0	0
2014-09-28	708177	0	0	0	0	168	168	12345	12284	17	12	0	0	0
2014-09-28	708180	0	0	0	0	158	158	12345	12284	16	11	0	0	0
2014-09-28	708182	0	0	0	0	148	148	12345	12284	15	10	0	0	0
2014-09-28	708185	0	0	0	0	238	238	12345	12284	24	19	0	0	0
2014-09-28	708299	0	0	0	0	78	78	12345	12284	8	3	0	0	0
2014-09-28	708883	0	0	0	0	138	138	12345	12284	7	2	0	0	0
2014-09-28	708893	0	0	0	0	79	79	12345	12284	7	2	0	0	0
2014-09-28	708909	0	0	0	0	118	118	12345	12284	8	3	0	0	0
2014-09-28	708945	0	0	0	0	108	108	12345	12284	8	3	0	0	0
2014-09-28	709356	0	0	0	0	145	145	12345	12284	7	2	0	0	0
2014-09-28	709688	0	0	0	0	158	158	12345	12284	6	1	0	0	0
2014-09-28	709739	0	0	0	0	188	188	12345	12284	7	2	0	0	0
2014-09-28	709750	0	0	0	0	168	168	12345	12284	6	1	0	0	0
2014-09-28	710438	0	0	0	0	108	108	12345	12284	7	2	0	0	0
2014-09-28	710474	0	0	0	0	168	168	12345	12284	8.4	3.4	0	0	0
2014-09-28	710481	0	0	0	1.5	128	128	12345	12284	8	3	1	0	4
2014-09-28	711039	0	0	0	0	208	208	12345	12284	10	5	0	0	0
2014-09-28	711092	0	0	0	0	125	125	12345	12284	6	1	0	0	0
2014-09-28	711129	0	0	0	0	135	135	12345	12284	6	1	0	0	0
2014-09-28	711507	0	0	0	0	198	198	12345	12284	15.8	10.8	0	0	0
2014-09-28	711769	0	0	0	0	118	118	12345	12284	9	4	0	0	2
2014-09-28	711932	0	0	3	4	119	119	12345	12284	6	1	0	0	0
2014-09-28	712400	0	0	0	0	108	108	12345	12284	10	5	0	0	0
2014-09-28	712603	0	0	0	0	168	168	12345	12284	8	3	0	0	0
2014-09-28	712616	0	0	0	0	138	138	12345	12284	7	2	0	0	0
2014-09-28	712637	0	0	0	0	138	138	12345	12284	7	2	0	0	0
2014-09-28	712802	0	0	0	0	169	169	12345	12284	10	5	0	0	0
2014-09-28	712908	0	0	1	5	178	178	12345	12284	17	12	0	0	3
2014-09-28	713300	0	0	0	2	168	168	12345	12284	8	3	0	0	0
2014-09-28	713591	0	0	0	0	129	129	12345	12284	6	1	0	0	0
2014-09-28	714920	0	0	0	0	218	218	12345	12284	6	1	0	0	0
2014-09-28	715004	0	0	0	0	283	283	12345	12284	22	17	0	0	0
2014-09-28	715377	0	0	0	0	208	208	12345	12284	8	3	0	0	0
2014-09-28	715509	0	0	0	0	128	128	12345	12284	6	1	0	0	0
2014-09-28	715561	0	0	0	0	158	158	12345	12284	7	2	0	0	0
2014-09-28	715580	0	0	0	0	88	138	12345	12284	9	4	0	0	0
2014-09-28	716590	0	0	0	0	100	100	12345	12284	8	3	0	0	0
2014-09-28	716595	0	0	0	0	138	0	12345	12284	0	0	0	0	0
2014-09-28	716711	0	0	4	0	198	198	12345	12284	16	11	0	0	0
2014-09-28	716734	0	0	0	1	148	148	12345	12284	15	10	0	0	0
2014-09-28	717945	0	0	2	0	128	128	12345	12284	6.4	1.4	0	0	1
2014-09-28	718570	0	0	0	0	98	58.67	12345	12284	8	3	0	0	0
2014-09-28	720388	0	0	1	1	78	78	12345	12284	8	3	3	0	0
2014-09-28	720499	0	0	0	0	199	199	12345	12284	10	5	0	0	0
2014-09-28	720516	0	0	0	8.33	108	108	12345	12284	8	3	4	0	2
2014-09-28	720586	0	0	0	0	138	138	12345	12284	14	9	0	0	0
2014-09-28	720602	0	0	0	0	129	129	12345	12284	7	2	0	0	0
2014-09-28	722702	0	0	0	0	139	139	12345	12284	8	3	0	0	0
2014-09-28	723457	0	0	0	0	108	108	12345	12284	8	3	0	0	0
2014-09-28	725790	0	0	0	0	108	108	12345	12284	8	3	0	0	0
2014-09-28	729212	0	0	0	0	298	298	12345	12284	24	19	0	0	0
2014-09-28	729407	0	0	0	0	108	108	12345	12284	8	3	0	0	0
2014-09-28	729416	0	0	0	0	128	128	12345	12284	7	2	0	0	0
2014-09-28	729455	0	0	0	0	138	138	12345	12284	8	3	0	0	0
2014-09-28	729505	0	0	0	0	148	148	12345	12284	8	3	0	0	0
2014-09-28	729586	0	0	3	7.33	99	99	12345	12284	9.9	4.9	0	0	7
2014-09-28	729666	0	0	0	0	128	128	12345	12284	7	2	0	0	0
2014-09-28	730489	0	0	0	0	228	228	12345	12284	13	8	0	0	0
2014-09-28	730813	0	0	0	1	158	158	12345	12284	8	3	0	0	0
2014-09-28	730832	0	0	0	0	138	138	12345	12284	14	9	0	0	0
2014-09-28	730873	0	0	0	0	99	99	12345	12284	6	1	0	0	0
2014-09-28	732011	0	0	0	3.5	138	138	12345	12284	13.8	8.8	0	0	0
2014-09-28	732083	0	0	4	2.33	118	118	12345	12284	11.8	6.8	0	0	0
2014-09-28	732382	0	0	0	0	119	119	12345	12284	6	1	0	0	0
2014-09-28	732388	0	0	0	0	179	179	12345	12284	9	4	0	0	0
2014-09-28	733481	0	0	0	0	130	130	12345	12284	7	2	0	0	0
2014-09-28	733488	0	0	0	0	120	120	12345	12284	6	1	0	0	0
2014-09-28	734638	0	0	0	0	108	108	12345	12284	8	3	0	0	0
2014-09-28	736182	0	0	1	3.67	198	198	12345	12284	8	3	0	0	5
2014-09-28	741271	0	0	0	0	388	388	12345	12284	19.4	14.4	0	0	0
2014-09-28	742784	0	0	0	0	168	168	12345	12284	11.76	6.76	0	0	0
2014-09-28	742866	0	0	0	0	298	298	12345	12284	10	5	0	0	0
2014-09-28	742894	0	0	0	0	135	135	12345	12284	10	5	0	0	0
2014-09-28	755714	0	0	0	1	118	118	12345	12284	12	7	0	0	0
2014-09-28	756576	0	0	0	0	150	150	12345	12284	15	10	0	0	0
2014-09-28	756983	0	0	2	0	129	141	12345	12284	10	5	0	0	0
2014-09-28	760314	0	0	0	0	118	118	12345	12284	8	3	0	0	0
2014-09-28	760346	0	0	0	0	118	118	12345	12284	8	3	0	0	0
2014-09-28	760383	0	0	0	0	160	160	12345	12284	10	5	0	0	0
2014-09-28	760846	0	0	0	0	88	88	12345	12284	8	3	0	0	0
2014-09-28	761745	0	0	0	1	138	138	12345	12284	10	5	0	0	0
2014-09-28	762203	0	0	0	0	255	255	12345	12284	21	16	0	0	0
2014-09-28	762413	0	0	0	0	168	168	12345	12284	8.4	3.4	0	0	0
2014-09-28	762436	0	0	0	0	148	148	12345	12284	7.4	2.4	0	0	0
2014-09-28	763272	0	0	0	0	158	158	12345	12284	8	3	0	0	0
2014-09-28	763551	0	0	0	0	90	90	12345	12284	9	4	0	0	0
2014-09-28	765224	0	0	0	0	169	169	12345	12284	6.38	1.38	0	0	0
2014-09-28	766252	0	0	0	0	138	138	12345	12284	13	8	0	0	0
2014-09-28	767057	0	0	0	0	98	98	12345	12284	8	3	0	0	0
2014-09-28	767904	0	0	0	0	128	128	12345	12284	6	1	0	0	0
2014-09-28	768012	0	0	0	0	138	138	12345	12284	6	1	0	0	0
2014-09-28	768634	0	0	0	0	108	108	12345	12284	8	3	0	0	0
2014-09-28	768678	0	0	0	0	118	118	12345	12284	8	3	0	0	0
2014-09-28	768944	0	0	0	0	129	129	12345	12284	10	5	0	0	0
2014-09-28	768979	0	0	0	0	88	88	12345	12284	9	4	0	0	0
2014-09-28	771592	0	0	0	0	95	95	12345	12284	7	2	0	0	0
2014-09-28	771595	0	0	0	0	105	105	12345	12284	7	2	0	0	0
2014-09-28	771597	0	0	0	0	138	138	12345	12284	8	3	0	0	0
2014-09-28	772544	0	0	0	0	108	108	12345	12284	10	5	0	0	0
2014-09-28	773115	0	0	0	0	128	128	12345	12284	10	5	0	0	0
2014-09-28	773912	0	0	0	4.5	308	308	12345	12284	10	5	0	0	0
2014-09-28	774250	0	0	0	0	78	78	12345	12284	8	3	0	0	0
2014-09-28	774667	0	0	1	1	118	118	12345	12284	6	1	0	0	1
2014-09-28	776855	0	0	0	0	188	188	12345	12284	9.4	4.4	0	0	0
2014-09-28	778725	0	0	0	0	128	128	12345	12284	7	2	0	0	0
2014-09-28	781137	0	0	0	0	65	65	12345	12284	6	1	0	0	0
2014-09-28	781549	0	0	0	4.5	158	158	12345	12284	8	3	2	0	0
2014-09-28	783383	0	0	0	0	88	88	12345	12284	7	2	0	0	0
2014-09-28	784384	0	0	0	0	70	70	12345	12284	7	2	0	0	0
2014-09-28	784989	0	0	0	0	168	168	12345	12284	16	11	0	0	0
2014-09-28	786471	0	0	0	0	198	198	12345	12284	9.9	4.9	0	0	0
2014-09-28	786750	0	0	0	0	128	128	12345	12284	7.68	2.68	0	0	0
2014-09-28	787867	0	0	0	1	138	138	12345	12284	11	6	0	0	0
2014-09-28	788307	0	0	0	0	118	118	12345	12284	8	3	0	0	0
2014-09-28	788340	0	0	0	0	108	108	12345	12284	8	3	0	0	0
2014-09-28	788567	0	0	0	0	98	98	12345	12284	8	3	0	0	0
2014-09-28	788580	0	0	0	0	108	108	12345	12284	8	3	0	0	0
2014-09-28	788675	0	0	0	0	118	118	12345	12284	5.9	0.9	0	0	0
2014-09-28	788709	0	0	0	0	118	118	12345	12284	5.9	0.9	0	0	0
2014-09-28	791159	0	0	0	0	80	80	12345	12284	7	2	0	0	0
2014-09-28	792673	0	0	0	0	278	278	12345	12284	28	23	0	0	1
2014-09-28	792848	0	0	0	0	128	128	12345	12284	11	6	0	0	0
2014-09-28	793138	0	0	0	0	138	138	12345	12284	8	3	0	0	0
2014-09-28	793328	0	0	1	2	118	118	12345	12284	10	5	0	0	1
2014-09-28	793893	0	0	0	0	78	78	12345	12284	8	3	0	0	0
2014-09-28	794201	0	0	0	0	138	138	12345	12284	11	6	0	0	0
2014-09-28	794465	0	0	0	0	158	158	12345	12284	11	6	0	0	0
2014-09-28	794946	0	0	0	0	90	90	12345	12284	9	4	0	0	0
2014-09-28	795230	0	0	4	4.5	168	168	12345	12284	16.8	11.8	1	0	6
2014-09-28	795241	0	0	0	0	138	138	12345	12284	7	2	0	0	0
2014-09-28	795337	0	0	0	1	138	138	12345	12284	14	9	0	0	0
2014-09-28	795797	0	0	0	0	88	88	12345	12284	7	2	0	0	0
2014-09-28	795880	0	0	1	0	178	174.67	12345	12284	9	4	0	0	0
2014-09-28	797896	0	0	2	1	118	118	12345	12284	9	4	4	0	0
2014-09-28	797925	0	0	2	0	118	98	12345	12284	11.8	6.8	3	0	1
2014-09-28	797982	0	0	0	0	138	138	12345	12284	13	8	0	0	1
2014-09-28	798871	0	0	0	0	156	156	12345	12284	7.48	2.48	0	0	0
2014-09-28	799050	0	0	0	0	128	128	12345	12284	13	8	0	0	1
2014-09-28	799280	0	0	0	1	179	179	12345	12284	9	4	0	0	0
2014-09-28	799515	0	0	0	0	76	76	12345	12284	6	1	0	0	0
2014-09-28	799713	0	0	0	0	137	137	12345	12284	6	1	1	0	0
2014-09-28	800596	0	0	0	0	56	56	12345	12284	6	1	0	0	0
2014-09-28	802132	0	0	0	0	148	148	12345	12284	8	3	0	0	0
2014-09-28	802259	0	0	0	0	119	119	12345	12284	6	1	0	0	0
2014-09-28	802970	0	0	0	0	108	108	12345	12284	8	3	0	0	0
2014-09-28	803142	0	0	0	1	158	158	12345	12284	8	3	0	0	0
2014-09-28	803605	0	0	0	0	112	112	12345	12284	12	7	0	0	0
2014-09-28	803625	0	0	0	0	112	112	12345	12284	12	7	0	0	0
2014-09-28	804238	0	0	0	0	90	90	12345	12284	10	5	0	0	0
2014-09-28	804277	0	0	0	0	110	110	12345	12284	10	5	0	0	0
2014-09-28	804339	0	0	2	3	95	95	12345	12284	9	4	0	0	0
2014-09-28	805019	0	0	0	2	128	128	12345	12284	6	1	0	0	0
2014-09-28	805031	0	0	0	1	88	88	12345	12284	8	3	0	0	0
2014-09-28	805111	0	0	0	0	98	98	12345	12284	8	3	0	0	0
2014-09-28	805329	0	0	0	3	128	128	12345	12284	12	7	0	0	3
2014-09-28	805389	0	0	0	0	128	128	12345	12284	6	1	0	0	0
2014-09-28	805415	0	0	0	0	138	138	12345	12284	7	2	0	0	0
2014-09-28	805573	0	0	0	0	88	88	12345	12284	7	2	0	0	0
2014-09-28	805579	0	0	0	0	188	188	12345	12284	8	3	0	0	0
2014-09-28	805597	0	0	0	0	98	98	12345	12284	8	3	0	0	0
2014-09-28	805633	0	0	0	0	108	108	12345	12284	8	3	0	0	0
2014-09-28	805673	0	0	0	0	98	98	12345	12284	8	3	0	0	0
2014-09-28	805692	0	0	0	0	96	96	12345	12284	7	2	0	0	0
2014-09-28	805699	0	0	0	0	88	88	12345	12284	8	3	0	0	0
2014-09-28	807250	0	0	0	0	108	108	12345	12284	7	2	0	0	2
2014-09-28	807736	0	0	0	0	145	145	12345	12284	7	2	0	0	2
2014-09-28	807742	0	0	0	0	70	70	12345	12284	6	1	0	0	0
2014-09-28	807961	0	0	0	0	98	98	12345	12284	6	1	0	0	0
2014-09-28	808796	0	0	0	0	78	78	12345	12284	6	1	0	0	0
2014-09-28	811162	0	0	0	0	148	148	12345	12284	14	9	0	0	0
2014-09-28	811463	0	0	0	0	98	98	12345	12284	8	3	0	0	0
2014-09-28	812444	0	0	0	0	138	138	12345	12284	8	3	2	0	2
2014-09-28	814478	0	0	0	0	128	128	12345	12284	10	5	0	0	0
2014-09-28	815208	0	0	0	0	179	179	12345	12284	8.95	3.95	0	0	0
2014-09-28	816030	0	0	0	3	88	88	12345	12284	9	4	1	0	0
2014-09-28	816726	0	0	0	0	88	88	12345	12284	6	1	0	0	0
2014-09-28	817300	0	0	0	1	88	88	12345	12284	7	2	0	0	0
2014-09-28	819243	0	0	0	0	128	128	12345	12284	11	6	0	0	0
2014-09-28	831011	0	0	0	0	199	199	12345	12284	10	5	0	0	0
2014-09-28	831117	0	0	0	0	158	158	12345	12284	8	3	0	0	0
2014-09-28	831164	0	0	0	0	72	72	12345	12284	7	2	0	0	0
2014-09-28	831183	0	0	0	0	70	70	12345	12284	7	2	0	0	0
2014-09-28	831764	0	0	0	0	110	110	12345	12284	11	6	0	0	0
2014-09-28	831797	0	0	0	0	85	85	12345	12284	8	3	2	0	0
2014-09-28	833232	0	0	0	1	88	88	12345	12284	7	2	0	0	0
2014-09-28	837704	0	0	0	0	168	168	12345	12284	8.4	3.4	0	0	0
2014-09-28	837798	0	0	0	1	98	98	12345	12284	6	1	0	0	2
2014-09-28	837820	0	0	0	0	147	147	12345	12284	6	1	0	0	0
2014-09-28	838030	0	0	0	0	188	188	12345	12284	9	4	0	0	0
2014-09-28	838537	0	0	0	1.33	118	118	12345	12284	6	1	0	0	0
2014-09-28	838575	0	0	0	0	158	158	12345	12284	7.9	2.9	0	0	0
2014-09-28	838625	0	0	1	1	128	128	12345	12284	8	3	0	0	1
2014-09-28	839746	0	0	0	0	260	260	12345	12284	17	12	0	0	6
2014-09-28	840031	0	0	0	0	99	99	12345	12284	8	3	0	0	0
2014-09-28	840063	0	0	0	0	118	118	12345	12284	9	4	0	0	0
2014-09-28	840180	0	0	0	0	138	138	12345	12284	11	6	0	0	0
2014-09-28	840404	0	0	0	0	136	136	12345	12284	10	5	0	0	0
2014-09-28	840583	0	0	0	0	166	166	12345	12284	13	8	0	0	0
2014-09-28	840602	0	0	0	2	98	98	12345	12284	7.8	2.8	6	0	1
2014-09-28	840623	0	0	0	0	106	106	12345	12284	6	1	0	0	0
2014-09-28	841919	0	0	0	0	118	118	12345	12284	6	1	0	0	1
2014-09-28	845375	0	0	0	0	118	118	12345	12284	9	4	0	0	0
2014-09-28	845429	0	0	0	0	108	108	12345	12284	8	3	0	0	0
2014-09-28	846059	0	0	2	1.5	98	98	12345	12284	8	3	0	0	1
2014-09-28	847400	0	0	0	0	133	133	12345	12284	13	8	0	0	2
2014-09-28	848498	0	0	0	0	108	108	12345	12284	8	3	0	0	0
2014-09-28	848959	0	0	0	0	161	161	12345	12284	19	14	0	0	0
2014-09-28	849705	0	0	0	0	188	188	12345	12284	9.4	4.4	1	0	0
2014-09-28	850196	0	0	0	0	128	128	12345	12284	12	7	0	0	0
2014-09-28	850289	0	0	0	0	79	79	12345	12284	7.9	2.9	0	0	0
2014-09-28	850379	0	0	0	0	138	138	12345	12284	7	2	1	0	0
2014-09-28	850863	0	0	0	0	138	138	12345	12284	14	9	0	0	0
2014-09-28	850883	0	0	0	0	78	78	12345	12284	6	1	0	0	0
2014-09-28	851133	0	0	0	0	110	110	12345	12284	10	5	0	0	0
2014-09-28	851152	0	0	0	0	160	160	12345	12284	8	3	0	0	0
2014-09-28	851210	0	0	0	0	140	140	12345	12284	7	2	0	0	0
2014-09-28	851248	0	0	0	0	130	130	12345	12284	6	1	0	0	0
2014-09-28	886902	0	0	3	0	147	147	12345	12284	7	2	6	0	0
2014-09-28	889110	0	0	0	0	99	99	12345	12284	6	1	0	0	0
2014-09-28	889623	0	0	0	0	109	109	12345	12284	8	3	0	0	0
2014-09-28	889684	0	0	0	0	159	159	12345	12284	12	7	0	0	0
2014-09-28	889821	0	0	0	3	118	118	12345	12284	6	1	0	0	0
2014-09-28	889831	0	0	0	0	138	138	12345	12284	11	6	0	0	0
2014-09-28	890972	0	0	0	0	89	89	12345	12284	9	4	0	0	0
2014-09-28	892039	0	0	1	0	118	118	12345	12284	6	1	0	0	0
2014-09-28	892591	0	0	0	1	180	180	12345	12284	14.4	9.4	0	0	0
2014-09-28	892594	0	0	0	0	180	180	12345	12284	18	13	0	0	0
2014-09-28	892724	0	0	0	1	98	98	12345	12284	10	5	0	0	1
2014-09-28	892753	0	0	0	0	138	138	12345	12284	8	3	0	0	0
2014-09-28	892787	0	0	0	0	88	88	12345	12284	7	2	0	0	0
2014-09-28	892866	0	0	0	0	119	119	12345	12284	6	1	0	0	0
2014-09-28	893073	0	0	0	0	138	138	12345	12284	8	3	0	0	0
2014-09-28	916871	0	0	0	0	68	68	12345	12284	7	2	0	0	0
2014-09-28	917636	0	0	0	2	98	98	12345	12284	9.8	4.8	0	0	0
2014-09-28	919485	0	0	0	0	118	118	12345	12284	8	3	0	0	2
2014-09-28	921883	0	0	0	0	198	198	12345	12284	10	5	0	0	0
2014-09-28	922453	0	0	0	0	158	158	12345	12284	8	3	0	0	0
2014-09-28	922856	0	0	0	2.5	280	0	12345	12284	0	0	0	0	2
2014-09-28	923294	0	0	0	0	88	88	12345	12284	7	2	0	0	0
2014-09-28	927936	0	0	0	0	108	108	12345	12284	6	1	0	0	0
2014-09-28	927978	0	0	0	0	80	80	12345	12284	8	3	0	0	0
2014-09-28	932517	0	0	0	0	230	230	12345	12284	23	18	0	0	0
2014-09-28	933244	0	0	0	0	119	119	12345	12284	5.95	0.95	0	0	0
2014-09-28	933270	0	0	0	0	120	120	12345	12284	6	1	0	0	0
2014-09-28	933912	0	0	0	0	99	99	12345	12284	9	4	0	0	0
2014-09-28	934334	0	0	0	5	178	178	12345	12284	18	13	0	0	0
2014-09-28	934343	0	0	0	0	158	158	12345	12284	16	11	0	0	0
2014-09-28	937600	0	0	2	1	168	168	12345	12284	14	9	0	0	0
2014-09-28	939302	0	0	0	0	88	88	12345	12284	7	2	0	0	0
2014-09-28	939597	0	0	0	0	178	178	12345	12284	18	13	0	0	0
2014-09-28	939657	0	0	0	0	188	188	12345	12284	20	15	0	0	0
2014-09-28	940011	0	0	0	2	118	118	12345	12284	6	1	0	0	0
2014-09-28	940348	0	0	1	1	118	118	12345	12284	6	1	2	0	0
2014-09-28	940519	0	0	0	0	160	160	12345	12284	8	3	0	0	0
2014-09-28	940732	0	0	0	0	188	188	12345	12284	8	3	0	0	0
2014-09-28	942092	0	0	1	1	279	279	12345	12284	14	9	1	0	2
2014-09-28	942527	0	0	1	2	120	120	12345	12284	6	1	0	0	0
2014-09-28	942541	0	0	0	0	150	150	12345	12284	20	15	0	0	0
2014-09-28	942599	0	0	0	4	69	69	12345	12284	6.9	1.9	0	0	3
2014-09-28	942963	0	0	0	0	89	89	12345	12284	8.9	3.9	0	0	0
2014-09-28	945372	0	0	0	0	138	138	12345	12284	6.9	1.9	0	0	0
2014-09-28	945450	0	0	0	0	158	158	12345	12284	7.9	2.9	0	0	0
2014-09-28	945923	0	0	0	0	79	79	12345	12284	8	3	0	0	0
2014-09-28	946114	0	0	0	0	60	60	12345	12284	6	1	0	0	0
2014-09-28	946516	0	0	0	0	358	251.33	12345	12284	28	23	0	0	0
2014-09-28	946822	0	0	0	0	138	138	12345	12284	14	9	0	0	0
2014-09-28	946893	0	0	0	0	88	88	12345	12284	8	3	0	0	0
2014-09-28	947147	0	0	0	0	138	138	12345	12284	13	8	0	0	0
2014-09-28	949676	0	0	0	0	260	260	12345	12284	13	8	0	0	0
2014-09-28	950153	0	0	0	0	118	114.67	12345	12284	16	11	0	0	0
2014-09-28	950247	0	0	0	0	56	56	12345	12284	5.6	0.6	0	0	0
2014-09-28	952318	0	0	0	0	88	88	12345	12284	7	2	0	0	0
2014-09-28	952923	0	0	0	0	158	158	12345	12284	9.48	4.48	0	0	0
2014-09-28	953003	0	0	0	0	228	228	12345	12284	13.68	8.68	0	0	0
2014-09-28	953046	0	0	0	0	75	75	12345	12284	6	1	0	0	0
2014-09-28	954126	0	0	0	0	168	188	12345	12284	10	5	0	0	0
2014-09-28	954453	0	0	0	1	138	138	12345	12284	6	1	0	0	0
2014-09-28	954788	0	0	0	1	179	179	12345	12284	17	12	0	0	0
2014-09-28	955451	0	0	0	0	128	128	12345	12284	6	1	0	0	0
2014-09-28	955593	0	0	0	0	118	118	12345	12284	6	1	0	0	0
2014-09-28	956433	0	0	0	0	259	259	12345	12284	20.72	15.72	0	0	0
2014-09-28	956502	0	0	0	0	369	369	12345	12284	29.52	24.52	0	0	0
2014-09-28	956665	0	0	0	0	150	150	12345	12284	15	10	0	0	0
2014-09-28	957293	0	0	0	0	178	178	12345	12284	12	7	0	0	0
2014-09-28	957778	0	0	1	0	368	368	12345	12284	30	25	0	0	1
2014-09-28	958003	0	0	0	0	118	118	12345	12284	6	1	0	0	0
2014-09-28	958062	0	0	0	0	138	138	12345	12284	7	2	0	0	0
2014-09-28	962860	0	0	0	1	99	99	12345	12284	8	3	0	0	0
2014-09-28	963179	0	0	0	0	439	439	12345	12284	35.12	30.12	0	0	0
2014-09-28	964746	0	0	0	0	158	158	12345	12284	8	3	0	0	0
2014-09-28	964902	0	0	0	0	110	110	12345	12284	10	5	0	0	0
2014-09-28	964905	0	0	0	0	128	128	12345	12284	6	1	0	0	0
2014-09-28	965543	0	0	0	0	218	218	12345	12284	17.5	12.5	0	0	0
2014-09-28	967718	0	0	0	0	158	158	12345	12284	13	8	1	0	0
2014-09-28	967776	0	0	0	0	159	159	12345	12284	8	3	0	0	0
2014-09-28	968174	0	0	0	0	158	158	12345	12284	8	3	3	0	0
2014-09-28	968508	0	0	0	0	108	108	12345	12284	8	3	0	0	0
2014-09-28	968734	0	0	0	0	198	198	12345	12284	20	15	0	0	0
2014-09-28	968952	0	0	0	1	98	98	12345	12284	0	0	0	0	0
2014-09-28	969028	0	0	1	0	178	178	12345	12284	14.2	9.2	0	0	2
2014-09-28	972403	0	0	0	0	77	77	12345	12284	7	2	0	0	0
2014-09-28	972666	0	0	0	0	158	158	12345	12284	8	3	0	0	0
2014-09-28	973424	0	0	0	0	99	99	12345	12284	8	3	0	0	0
2014-09-28	974316	0	0	0	0	259	259	12345	12284	20.7	15.7	0	0	0
2014-09-28	974356	0	0	0	0	319	319	12345	12284	25.5	20.5	0	0	0
2014-09-28	974400	0	0	0	0	160	160	12345	12284	16	11	0	0	0
2014-09-28	974445	0	0	0	0	230	230	12345	12284	23	18	0	0	0
2014-09-28	974735	0	0	0	0	228	228	12345	12284	30	25	0	0	0
2014-09-28	974961	0	1	1	1	158	158	12345	12284	12.6	7.6	0	0	0
2014-09-28	975017	1	0	1	0	218	218	12345	12284	17.4	12.4	0	0	0
2014-09-28	975887	0	0	0	0	128	128	12345	12284	7	2	0	0	0
2014-09-28	981161	0	0	0	1	108	108	12345	12284	10	5	0	0	0
2014-09-28	984130	0	0	0	0	138	138	12345	12284	7	2	0	0	0
2014-09-28	984837	0	0	0	0	268	268	12345	12284	21.5	16.5	0	0	0
2014-09-28	988999	0	0	0	0	128	128	12345	12284	7	2	0	0	0
2014-09-28	999232	0	0	0	0	198	198	12345	12284	10	5	0	0	0
2014-09-28	999347	0	0	0	0	288	288	12345	12284	23	18	0	0	0
2014-09-28	999429	0	0	0	0	148	148	12345	12284	7.4	2.4	0	0	0
2014-09-28	999496	0	0	0	0	278	278	12345	12284	14	9	0	0	0
2014-09-28	999527	0	0	0	0	188	188	12345	12284	9.4	4.4	0	0	0
2014-09-28	999815	0	0	0	0	228	228	12345	12284	0	0	0	0	0
2014-09-28	1000768	0	0	0	0	128	128	12345	12284	7.68	2.68	0	0	0
2014-09-28	1001818	0	0	0	0	160	160	12345	12284	8	3	0	0	0
2014-09-28	1001980	0	0	1	1	156	156	12345	12284	7.8	2.8	0	0	0
2014-09-28	1001992	0	0	0	0	198	198	12345	12284	9.9	4.9	0	0	0
2014-09-28	1002626	0	0	0	2	138	138	12345	12284	7	2	0	0	0
2014-09-28	1002759	0	0	0	0	338	338	12345	12284	16.9	11.9	0	0	0
2014-09-28	1002854	0	0	0	0	568	568	12345	12284	28.4	23.4	0	0	0
2014-09-28	1002890	0	0	0	0	668	668	12345	12284	33.4	28.4	0	0	0
2014-09-28	1006212	0	0	2	1	159	159	12345	12284	11	6	0	0	0
2014-09-28	1008742	0	0	0	0	158	158	12345	12284	9.48	4.48	0	0	0
2014-09-28	1009086	0	0	0	0	126	126	12345	12284	7.56	2.56	0	0	0
2014-09-28	1009151	0	0	0	0	166	166	12345	12284	9.96	4.96	0	0	0
2014-09-28	1009154	0	0	0	1	56	58.67	12345	12284	6	1	0	0	0
2014-09-28	1010854	0	0	0	0	98	98	12345	12284	9.8	4.8	0	0	0
2014-09-28	1010954	0	0	0	0	76	76	12345	12284	7.6	2.6	0	0	0
2014-09-28	1015054	0	0	0	0	148	148	12345	12284	11.84	6.84	0	0	0
2014-09-28	1015209	0	0	0	0	208	208	12345	12284	20.8	15.8	0	0	0
2014-09-28	1015615	0	0	0	0	360	360	12345	12284	18	13	0	0	0
2014-09-28	1015739	0	0	0	0	460	460	12345	12284	23	18	0	0	0
2014-09-28	1015800	0	0	0	1	188	188	12345	12284	9	4	0	0	0
2014-09-28	1015819	0	0	0	0	208	208	12345	12284	10	5	0	0	0
2014-09-28	1015837	0	0	0	0	268	268	12345	12284	13	8	0	0	0
2014-09-28	1015868	0	0	0	1	88	88	12345	12284	8	3	1	0	0
2014-09-28	1016487	0	0	0	0	168	168	12345	12284	11.76	6.76	0	0	0
2014-09-28	1016916	0	0	0	0	238	238	12345	12284	11.9	6.9	0	0	0
2014-09-28	1017405	0	0	0	0	148	148	12345	12284	11.84	6.84	0	0	0
2014-09-28	1017441	0	0	0	0	128	128	12345	12284	10.24	5.24	0	0	0
2014-09-28	1018725	0	0	0	0	96	96	12345	12284	6	1	0	0	0
2014-09-28	1018895	0	0	0	0	159	159	12345	12284	13	8	0	0	1
2014-09-28	1019213	0	0	0	0	178	178	12345	12284	14	9	0	0	0
2014-09-28	1024934	0	0	0	0	137	137	12345	12284	7	2	0	0	0
2014-09-28	1025006	0	0	4	3	118	118	12345	12284	8	3	0	0	1
2014-09-28	1025714	0	0	1	3	78	78	12345	12284	6	1	0	0	11
2014-09-28	1025787	0	0	0	1	98	98	12345	12284	9	4	0	0	0
2014-09-28	1025919	0	0	1	1	238	238	12345	12284	12	7	2	0	0
2014-09-28	1026133	0	0	0	0	358	358	12345	12284	35.8	30.8	0	0	0
2014-09-28	1026528	0	0	0	0	98	98	12345	12284	8	3	0	0	0
2014-09-28	1026752	0	0	0	0	180	180	12345	12284	18	13	0	0	0
2014-09-28	1027086	0	0	0	0	178	178	12345	12284	9	4	0	0	0
2014-09-28	1031273	0	0	0	0	78	78	12345	12284	8	3	0	0	0
2014-09-28	1031354	0	0	0	0	108	108	12345	12284	11	6	0	0	0
2014-09-28	1031760	0	0	0	0	88	88	12345	12284	9	4	0	0	0
2014-09-28	1033729	0	0	0	0	279	279	12345	12284	19.53	14.53	0	0	0
2014-09-28	1034017	0	0	0	0	280	280	12345	12284	22	17	0	0	0
2014-09-28	1034175	0	0	2	2	90	90	12345	12284	9	4	2	0	0
2014-09-28	1034353	0	0	0	0	108	108	12345	12284	8	3	0	0	0
2014-09-28	1034875	0	0	0	0	99	99	12345	12284	9	4	0	0	0
2014-09-28	1035069	0	0	0	1	109	109	12345	12284	9	4	0	0	0
2014-09-28	1035866	0	0	0	0	279	279	12345	12284	10	5	0	0	0
2014-09-28	1035982	0	0	1	1.5	118	118	12345	12284	6	1	0	0	0
2014-09-28	1050270	0	0	0	0	138	138	12345	12284	6	1	0	0	0
2014-09-28	1050589	0	0	0	1	128	128	12345	12284	6	1	0	0	0
2014-09-28	1050958	0	0	0	0	78	78	12345	12284	8	3	0	0	0
2014-09-28	1050967	0	0	0	1	88	88	12345	12284	8	3	0	0	0
2014-09-28	1051194	0	0	0	2	119	119	12345	12284	12	7	0	0	0
2014-09-28	1051308	0	0	0	5	398	398	12345	12284	32	27	0	0	0
2014-09-28	1051340	0	0	0	2	168	168	12345	12284	13	8	0	0	0
2014-09-28	1051807	0	0	0	0	128	128	12345	12284	13	8	0	0	0
2014-09-28	1052003	0	0	0	0	148	148	12345	12284	8	3	0	0	0
2014-09-28	1052009	0	0	0	1	158	158	12345	12284	8	3	0	0	0
2014-09-28	1052065	0	0	0	0	168	168	12345	12284	8	3	0	0	0
2014-09-28	1052613	0	0	0	0	188	188	12345	12284	9.4	4.4	0	0	0
2014-09-28	1052647	0	0	0	0	148	148	12345	12284	7.4	2.4	0	0	0
2014-09-28	1053103	0	0	0	0	98	98	12345	12284	8	3	0	0	0
2014-09-28	1053222	0	0	0	0	94	94	12345	12284	6	1	0	0	0
2014-09-28	1054486	0	0	1	0	118	118	12345	12284	5.9	0.9	0	0	0
2014-09-28	1057302	0	0	0	2	280	280	12345	12284	28	23	0	0	0
2014-09-28	1058318	0	0	0	1	219	219	12345	12284	11	6	0	0	0
2014-09-28	1060202	0	0	0	0	118	118	12345	12284	9.44	4.44	0	0	0
2014-09-28	1060324	0	0	0	0	98	98	12345	12284	7.84	2.84	0	0	0
2014-09-28	1060425	0	0	0	0	178	178	12345	12284	8.9	3.9	0	0	0
2014-09-28	1060622	0	0	0	0	108	108	12345	12284	8	3	0	0	0
2014-09-28	1062017	0	0	0	0	108	108	12345	12284	5.4	0.4	0	0	0
2014-09-28	1062634	0	0	0	0	218	218	12345	12284	8	3	0	0	0
2014-09-28	1065885	0	0	0	0	128	128	12345	12284	7	2	0	0	0
2014-09-28	1065960	0	0	0	1	128	128	12345	12284	7	2	0	0	0
2014-09-28	1067751	0	0	0	0	68	68	12345	12284	0	0	0	0	0
2014-09-28	1068210	0	0	0	0	99	99	12345	12284	7	2	0	0	0
2014-09-28	1068751	0	0	0	0	78	78	12345	12284	7.8	2.8	0	0	0
2014-09-28	1069662	0	0	0	0	128	128	12345	12284	6.4	1.4	0	0	0
2014-09-28	1070115	0	0	0	1	288	288	12345	12284	30	25	0	0	1
2014-09-28	1071973	0	0	0	0	159	159	12345	12284	12.7	7.7	0	0	0
2014-09-28	1072087	0	0	0	0	138	138	12345	12284	8	3	0	0	0
2014-09-28	1072292	0	0	0	0	128	128	12345	12284	6.4	1.4	0	0	0
2014-09-28	1072381	0	0	0	0	218	218	12345	12284	16	11	0	0	0
2014-09-28	1072531	0	0	0	0	128	128	12345	12284	7	2	0	0	0
2014-09-28	1073208	0	0	0	0	128	128	12345	12284	7.7	2.7	0	0	4
2014-09-28	1073989	0	0	0	1	138	138	12345	12284	6.9	1.9	0	0	0
2014-09-28	1074373	0	0	0	0	98	98	12345	12284	7	2	0	0	0
2014-09-28	1074982	0	0	0	0	168	168	12345	12284	16.8	11.8	0	0	1
2014-09-28	1080059	0	0	0	0	158	158	12345	12284	8	3	0	0	0
2014-09-28	1080387	0	0	0	0	108	108	12345	12284	5.4	0.4	0	0	0
2014-09-28	1080454	0	0	0	0	128	128	12345	12284	6	1	0	0	0
2014-09-28	1080480	0	0	0	1	158	158	12345	12284	7.9	2.9	0	0	0
2014-09-28	1080697	0	0	0	0	99	169	12345	12284	5	0	0	0	0
2014-09-28	1081471	0	0	0	0	199	199	12345	12284	9.95	4.95	0	0	0
2014-09-28	1081970	0	0	0	1	138	138	12345	12284	7	2	0	0	1
2014-09-28	1082697	0	0	1	0	119	119	12345	12284	9	4	0	0	2
2014-09-28	1083047	0	0	0	0	129	129	12345	12284	8	3	0	0	1
2014-09-28	1083571	0	0	2	1	159	159	12345	12284	8	3	0	0	0
2014-09-28	1083573	0	0	1	1	148	148	12345	12284	8	3	1	0	4
2014-09-28	1083656	0	0	0	0	179	179	12345	12284	9	4	0	0	0
2014-09-28	1084397	0	0	0	1	178	178	12345	12284	8	3	1	0	0
2014-09-28	1088870	1	0	1	0	109	109	12345	12284	9	4	0	0	0
2014-09-28	1089673	0	0	0	0	108	108	12345	12284	8	3	0	0	0
2014-09-28	1089878	0	0	0	0	110	110	12345	12284	10	5	0	0	0
2014-09-28	1090315	0	0	0	0	108	108	12345	12284	8	3	0	0	0
2014-09-28	1090554	0	0	0	1	258	258	12345	12284	26	21	0	0	4
2014-09-28	1091044	0	0	0	2	128	128	12345	12284	7	2	0	0	0
2014-09-28	1091091	0	0	0	0	148	148	12345	12284	8	3	0	0	0
2014-09-28	1091540	0	0	0	0	80	80	12345	12284	8	3	0	0	0
2014-09-28	1092979	0	0	0	0	78	78	12345	12284	7	2	0	0	0
2014-09-28	1095192	0	0	0	0	358	358	12345	12284	36	31	0	0	0
2014-09-28	1095256	0	0	0	0	68	68	12345	12284	7	2	0	0	0
2014-09-28	1095286	0	0	0	0	139	139	12345	12284	6	1	0	0	0
2014-09-28	1108875	0	0	0	0	118	198	12345	12284	0	0	0	0	0
2014-09-28	1109033	0	0	0	0	98	98	12345	12284	10	5	0	0	0
2014-09-28	1109080	0	0	0	0	78	78	12345	12284	8	3	0	0	0
2014-09-28	1110417	0	0	0	0	498	498	12345	12284	48	43	0	0	0
2014-09-28	1110918	0	0	0	0	228	228	12345	12284	12	7	0	0	0
2014-09-28	1110986	0	0	0	0	298	298	12345	12284	18	13	0	0	0
2014-09-28	1111166	0	0	0	0	89	89	12345	12284	8	3	0	0	0
2014-09-28	1111259	0	0	0	0	109	109	12345	12284	11	6	0	0	0
2014-09-28	1111273	1	1	1	1	87	113.67	12345	12284	6	1	0	0	0
2014-09-28	1111973	0	0	2	1	118	118	12345	12284	6	1	0	0	0
2014-09-28	1113021	0	0	0	0	68	68	12345	12284	7	2	0	0	1
2014-09-28	1113100	0	0	0	0	98	98	12345	12284	9	4	0	0	0
2014-09-28	1113265	0	0	1	1	89	89	12345	12284	8.9	3.9	0	0	0
2014-09-28	1116213	0	0	0	0	118	118	12345	12284	11.8	6.8	0	0	0
2014-09-28	1116633	0	0	0	0	502	502	12345	12284	50	45	0	0	0
2014-09-28	1116784	0	0	0	0	243	243	12345	12284	24	19	0	0	0
2014-09-28	1117616	0	0	0	0	138	138	12345	12284	14	9	0	0	0
2014-09-28	1117880	0	0	0	0	173	173	12345	12284	17	12	0	0	0
2014-09-28	1117915	0	0	0	0	188	188	12345	12284	19	14	0	0	0
2014-09-28	1117971	0	0	0	1	220	220	12345	12284	22	17	0	0	0
2014-09-28	1117988	0	0	0	0	98	98	12345	12284	10	5	0	0	1
2014-09-28	1118142	0	0	0	0	88	88	12345	12284	8	3	0	0	0
2014-09-28	1119101	0	0	2	3	158	158	12345	12284	10	5	6	0	2
2014-09-28	1119196	0	0	0	1	98	98	12345	12284	8	3	0	0	0
2014-09-28	1120987	0	0	0	0	179	179	12345	12284	9	4	0	0	0
2014-09-28	1121343	0	0	0	0	218	218	12345	12284	11	6	0	0	0
2014-09-28	1121563	0	0	0	3	238	238	12345	12284	19	14	0	0	0
2014-09-28	1121809	0	0	0	0	158	158	12345	12284	8	3	0	0	0
2014-09-28	1122240	0	0	0	0	228	228	12345	12284	12	7	0	0	0
2014-09-28	1122417	0	0	0	0	198	198	12345	12284	10	5	0	0	0
2014-09-28	1122471	0	0	0	1	358	358	12345	12284	14	9	0	0	0
2014-09-28	1122875	0	0	0	1.5	138	138	12345	12284	7	2	0	0	0
2014-09-28	1123187	0	0	0	0	139	139	12345	12284	7	2	0	0	0
2014-09-28	1126282	0	0	0	0	89	89	12345	12284	9	4	0	0	0
2014-09-28	1127003	0	0	0	0	168	168	12345	12284	8	3	0	0	0
2014-09-28	1127190	0	0	0	0	218	218	12345	12284	11	6	0	0	0
2014-09-28	1127305	0	0	0	0	158	158	12345	12284	10	5	0	0	0
2014-09-28	1127344	0	0	1	2	118	118	12345	12284	8	3	1	0	3
2014-09-28	1128394	0	0	0	0	158	158	12345	12284	8	3	0	0	0
2014-09-28	1129684	0	0	0	0	288	288	12345	12284	8	3	0	0	0
2014-09-28	1130130	0	0	0	0	60	60	12345	12284	6	1	0	0	0
2014-09-28	1130422	0	0	0	0	109	109	12345	12284	9	4	0	0	0
2014-09-28	1130734	0	0	0	0	118	118	12345	12284	0	0	0	0	0
2014-09-28	1130988	0	0	1	0	128	128	12345	12284	13	8	0	0	0
2014-09-28	1131041	0	0	0	3	138	138	12345	12284	14	9	0	0	0
2014-09-28	1131124	0	0	0	0	148	148	12345	12284	14	9	0	0	0
2014-09-28	1131167	0	0	0	0	168	168	12345	12284	15	10	0	0	0
2014-09-28	1134772	0	0	0	0	650	650	12345	12284	65	60	0	0	0
2014-09-28	1135067	0	0	0	0	249	249	12345	12284	25	20	0	0	0
2014-09-28	1135118	0	0	0	0	228	228	12345	12284	23	18	0	0	0
2014-09-28	1135474	0	0	0	0	128	128	12345	12284	8	3	0	0	0
2014-09-28	1135691	0	0	0	4	138	138	12345	12284	14	9	0	0	0
2014-09-28	1136042	0	0	0	0	178	178	12345	12284	9	4	0	0	0
2014-09-28	1136119	0	0	0	0	218	218	12345	12284	17	12	0	0	0
2014-09-28	1136133	0	0	0	0	168	168	12345	12284	8	3	0	0	0
2014-09-28	1136139	0	0	0	0	280	280	12345	12284	8	3	0	0	0
2014-09-28	1137013	0	0	0	0	178	178	12345	12284	13	8	0	0	0
2014-09-28	1137043	0	0	0	0	158	158	12345	12284	12	7	0	0	0
2014-09-28	1137063	0	0	0	0	238	238	12345	12284	23	18	0	0	0
2014-09-28	1137081	0	0	0	0	288	288	12345	12284	28	23	0	0	0
2014-09-28	1137325	0	0	0	0	180	180	12345	12284	9	4	0	0	0
2014-09-28	1137431	0	0	0	0	188	188	12345	12284	9	4	0	0	0
2014-09-28	1137746	0	0	0	0	168	168	12345	12284	8.4	3.4	0	0	0
2014-09-28	1137759	0	0	0	2	177	177	12345	12284	9	4	0	0	0
2014-09-28	1137957	0	0	0	0	88	88	12345	12284	8	3	0	0	0
2014-09-28	1138062	0	0	0	0	138	138	12345	12284	8	3	0	0	0
2014-09-28	1138130	0	0	0	0	158	158	12345	12284	13	8	0	0	1
2014-09-28	1138411	0	0	0	0	168	168	12345	12284	8	3	0	0	0
2014-09-28	1139580	0	0	2	3.67	199	199	12345	12284	10	5	1	0	2
2014-09-28	1139682	0	0	0	1	163	163	12345	12284	8	3	0	0	1
2014-09-28	1140424	0	0	0	1	158	158	12345	12284	16	11	0	0	0
2014-09-28	1140512	0	0	0	0	188	188	12345	12284	8	3	0	0	0
2014-09-28	1140531	0	0	0	1	298	298	12345	12284	11.92	6.92	0	0	0
2014-09-28	1140621	0	0	0	1	128	128	12345	12284	13	8	0	0	0
2014-09-28	1140747	0	0	0	0	168	168	12345	12284	16	11	0	0	0
2014-09-28	1140817	0	0	0	0	150	150	12345	12284	12	7	0	0	0
2014-09-28	1140951	0	0	0	0	168	168	12345	12284	12	7	0	0	0
2014-09-28	1141140	0	0	0	7	165	165	12345	12284	8	3	0	0	0
2014-09-28	1141318	0	0	0	0	117	117	12345	12284	7	2	0	0	0
2014-09-28	1141327	0	0	0	0	138	138	12345	12284	8	3	0	0	0
2014-09-28	1141349	0	0	0	0	168	168	12345	12284	8.4	3.4	0	0	0
2014-09-28	1145210	0	0	0	0	78	78	12345	12284	8	3	0	0	0
2014-09-28	1145311	0	0	0	1	88	88	12345	12284	8	3	0	0	0
2014-09-28	1146324	0	0	1	1	128	128	12345	12284	13	8	0	0	1
2014-09-28	1146835	0	0	3	5	258	258	12345	12284	20	15	0	0	0
2014-09-28	1146965	0	0	0	0	66	66	12345	12284	6	1	0	0	0
2014-09-28	1147469	0	0	0	1	128	128	12345	12284	10.2	5.2	0	0	0
2014-09-28	1147755	0	0	0	0	158	158	12345	12284	8	3	0	0	0
2014-09-28	1147929	0	0	0	0	88	88	12345	12284	7	2	0	0	0
2014-09-28	1149041	0	0	0	1	138	138	12345	12284	14	9	0	0	0
2014-09-28	1149386	0	0	0	0	98	98	12345	12284	6	1	0	0	0
2014-09-28	1149703	0	0	0	2	139	139	12345	12284	0	0	1	0	0
2014-09-28	1149771	0	0	0	0	138	138	12345	12284	6	1	0	0	0
2014-09-28	1149855	0	0	0	0	179	179	12345	12284	5.4	0.4	0	0	0
2014-09-28	1149924	0	0	0	0	198	198	12345	12284	19.8	14.8	0	0	0
2014-09-28	1150114	0	0	0	0	198	198	12345	12284	12	7	0	0	0
2014-09-28	1150700	0	0	0	3.5	79	79	12345	12284	6	1	0	0	1
2014-09-28	1150917	0	0	0	0	120	120	12345	12284	10	5	0	0	0
2014-09-28	1151052	0	0	0	0	109	109	12345	12284	5.5	0.5	0	0	0
2014-09-28	1151383	0	0	0	0	96	96	12345	12284	7	2	0	0	0
2014-09-28	1151645	0	0	0	0	218	218	12345	12284	11	6	0	0	0
2014-09-28	1151789	0	0	0	1	158	158	12345	12284	12.5	7.5	3	0	0
2014-09-28	1152126	0	0	0	0	90	90	12345	12284	9	4	0	0	0
2014-09-28	1155205	0	0	0	0	148	148	12345	12284	14	9	0	0	0
2014-09-28	1155958	0	0	0	0	258	258	12345	12284	8	3	0	0	0
2014-09-28	1156614	0	0	0	0	108	108	12345	12284	8	3	0	0	0
2014-09-28	1157595	0	0	0	0	198	198	12345	12284	10	5	0	0	0
2014-09-28	1166218	0	0	0	0	160	165.33	12345	12284	10	5	0	0	0
2014-09-28	1166665	0	0	0	2	88	88	12345	12284	7	2	1	0	3
2014-09-28	1167307	0	0	0	0	148	148	12345	12284	7	2	0	0	0
2014-09-28	1167461	0	0	0	0	128	128	12345	12284	6	1	0	0	0
2014-09-28	1167764	0	0	0	2	109	109	12345	12284	9	4	0	0	0
2014-09-28	1167894	0	0	2	0	109	109	12345	12284	9	4	2	0	0
2014-09-28	1168014	0	0	0	1	109	109	12345	12284	9	4	1	0	1
2014-09-28	1168301	0	0	0	0	238	238	12345	12284	20	15	0	0	0
2014-09-28	1168332	0	0	0	0	88	88	12345	12284	8	3	0	0	0
2014-09-28	1168821	0	0	0	0	109	109	12345	12284	9	4	0	0	0
2014-09-28	1169057	0	0	0	0	128	128	12345	12284	8	3	0	0	0
2014-09-28	1169124	0	0	0	0	138	138	12345	12284	8	3	0	0	0
2014-09-28	1169210	0	0	0	0	118	118	12345	12284	8	3	0	0	1
2014-09-28	1169635	0	0	0	1.5	108	108	12345	12284	0	0	0	0	0
2014-09-28	1169654	0	0	1	0	168	168	12345	12284	8.4	3.4	0	0	3
2014-09-28	1169722	0	0	0	0	158	158	12345	12284	0	0	0	0	0
2014-09-28	1170234	0	0	0	0	128	128	12345	12284	6	1	0	0	0
2014-09-28	1170269	0	0	0	0	96	96	12345	12284	6	1	0	0	0
2014-09-28	1170282	0	0	0	0	88	88	12345	12284	6	1	2	0	0
2014-09-28	1172149	0	0	0	0	138	138	12345	12284	8	3	0	0	0
2014-09-28	1172288	0	0	0	0	138	138	12345	12284	7	2	0	0	0
2014-09-28	1173181	0	0	0	0	168	168	12345	12284	9	4	0	0	0
2014-09-28	1173320	0	0	0	0	188	188	12345	12284	9	4	0	0	0
2014-09-28	1173361	0	0	0	0	498	498	12345	12284	25	20	0	0	0
2014-09-28	1173386	0	0	3	0	598	598	12345	12284	30	25	0	0	0
2014-09-28	1173465	0	0	0	0	698	698	12345	12284	35	30	0	0	0
2014-09-28	1173720	0	0	0	2	119	119	12345	12284	6	1	0	0	1
2014-09-28	1174170	0	0	0	0	216	216	12345	12284	21	16	0	0	0
2014-09-28	1177255	0	0	0	0	178	178	12345	12284	14.24	9.24	0	0	0
2014-09-28	1177298	0	0	0	0	198	198	12345	12284	19.8	14.8	0	0	0
2014-09-28	1177380	0	0	0	0	118	118	12345	12284	10	5	0	0	0
2014-09-28	1177398	0	0	0	0	105	105	12345	12284	6	1	0	0	0
2014-09-28	1178302	0	0	0	0	280	280	12345	12284	28	23	0	0	0
2014-09-28	1178351	0	0	0	0	158	158	12345	12284	7.9	2.9	0	0	0
2014-09-28	1178496	0	0	0	0	277	277	12345	12284	8	3	0	0	0
2014-09-28	1178860	0	0	0	0	118	118	12345	12284	9	4	0	0	0
2014-09-28	1179117	0	0	0	0	128	128	12345	12284	10	5	0	0	0
2014-09-28	1179254	0	0	0	0	138	138	12345	12284	11	6	0	0	0
2014-09-28	1179280	0	0	0	0	148	148	12345	12284	12	7	0	0	0
2014-09-28	1179766	0	0	0	0	161	161	12345	12284	16	11	0	0	0
2014-09-28	1180083	0	0	0	0	108	108	12345	12284	8	3	0	0	0
2014-09-28	1180233	0	0	0	0	257	257	12345	12284	13	8	0	0	3
2014-09-28	1180251	0	0	0	0	178	178	12345	12284	17	12	0	0	0
2014-09-28	1180601	0	0	0	1	118	120.67	12345	12284	8	3	0	0	0
2014-09-28	1180630	0	0	0	0	177	177	12345	12284	17	12	0	0	0
2014-09-28	1181339	0	0	0	0	238	238	12345	12284	12	7	0	0	0
2014-09-28	1181418	0	0	0	0	328	328	12345	12284	33	28	0	0	0
2014-09-28	1181598	0	0	0	0	59	59	12345	12284	5.9	0.9	0	0	0
2014-09-28	1181649	0	0	0	0	127	127	12345	12284	6	1	0	0	0
2014-09-28	1182215	0	0	0	0	228	228	12345	12284	0	0	0	0	0
2014-09-28	1183637	0	0	0	0	238	238	12345	12284	12	7	0	0	1
2014-09-28	1183684	0	0	0	1	138	158	12345	12284	8	3	0	0	0
2014-09-28	1184459	0	0	3	3.5	119	119	12345	12284	10	5	0	0	1
2014-09-28	1184572	0	0	0	0	178	178	12345	12284	8.9	3.9	0	0	0
2014-09-28	1185222	0	0	0	0	139	139	12345	12284	11.1	6.1	0	0	0
2014-09-28	1185453	0	0	0	0	128	128	12345	12284	7	2	0	0	0
2014-09-28	1185511	0	0	0	0	148	148	12345	12284	8	3	0	0	0
2014-09-28	1185548	0	0	0	0	168	168	12345	12284	8	3	0	0	0
2014-09-28	1185597	0	0	1	0	138	138	12345	12284	8	3	0	0	2
2014-09-28	1185827	0	0	0	0	298	298	12345	12284	9	4	0	0	0
2014-09-28	1185925	0	0	0	0	238	238	12345	12284	23	18	0	0	0
2014-09-28	1185958	0	0	1	2.33	158	158	12345	12284	20	15	0	0	3
2014-09-28	1189190	0	0	0	1	128	128	12345	12284	6	1	0	0	1
2014-09-28	1189410	0	0	0	0	109	109	12345	12284	9	4	0	0	0
2014-09-28	1190123	0	0	0	0	180	180	12345	12284	9	4	0	0	0
2014-09-28	1190504	0	0	0	7	119	119	12345	12284	10	5	0	0	6
2014-09-28	1190563	0	0	0	1	119	119	12345	12284	6	1	5	0	0
2014-09-28	1190823	0	0	0	0	138	138	12345	12284	11	6	0	0	0
2014-09-28	1190953	0	0	0	0	248	248	12345	12284	10	5	0	0	0
2014-09-28	1191003	0	0	0	1	167	167	12345	12284	8	3	0	0	0
2014-09-28	1191450	0	0	0	0	118	111.33	12345	12284	0	0	0	0	0
2014-09-28	1191853	0	0	0	0	88	88	12345	12284	0	0	0	0	0
2014-09-28	1192287	0	0	0	0	488	488	12345	12284	39	34	0	0	0
2014-09-28	1193499	0	0	0	0	68	68	12345	12284	6.8	1.8	0	0	0
2014-09-28	1193543	0	0	0	0	118	118	12345	12284	6	1	0	0	0
2014-09-28	1195344	0	0	0	0	139	139	12345	12284	14	9	0	0	0
2014-09-28	1195520	0	0	0	0	178	178	12345	12284	7	2	0	0	0
2014-09-28	1195710	0	0	0	0	89	89	12345	12284	8	3	0	0	0
2014-09-28	1195719	0	0	0	0	128	128	12345	12284	7	2	0	0	0
2014-09-28	1196241	0	0	0	0	98	98	12345	12284	6	1	0	0	0
2014-09-28	1196302	0	0	0	0	238	238	12345	12284	24	19	0	0	0
2014-09-28	1196340	0	0	0	0	339	339	12345	12284	11	6	0	0	0
2014-09-28	1196683	0	0	0	2.67	169	169	12345	12284	17	12	0	0	3
2014-09-28	1196724	0	0	0	2	129	129	12345	12284	9	4	0	0	0
2014-09-28	1200426	0	0	0	0	228	228	12345	12284	13.68	8.68	3	0	0
2014-09-28	1200926	0	0	0	0	168	168	12345	12284	8	3	0	0	0
2014-09-28	1200987	0	0	0	0	139	139	12345	12284	14	9	0	0	0
2014-09-28	1201135	0	0	0	3.33	109	109	12345	12284	11	6	0	0	2
2014-09-28	1201693	0	0	0	0	238	238	12345	12284	12	7	0	0	0
2014-09-28	1201917	0	0	0	0	105	105	12345	12284	5.25	0.25	0	0	0
2014-09-28	1202397	0	0	0	0	108	108	12345	12284	8	3	0	0	0
2014-09-28	1202705	0	0	0	0	128	128	12345	12284	6.4	1.4	0	0	0
2014-09-28	1202979	0	0	1	0	158	158	12345	12284	8	3	0	0	0
2014-09-28	1203102	0	0	0	0	110	110	12345	12284	6	1	0	0	0
2014-09-28	1203374	0	0	0	0	118	118	12345	12284	0	0	0	0	0
2014-09-28	1203397	0	0	0	0	277	297	12345	12284	8	3	0	0	0
2014-09-28	1203493	0	0	0	1	156	156	12345	12284	9	4	1	0	0
2014-09-28	1203512	0	0	0	0	180	180	12345	12284	18	13	0	0	0
2014-09-28	1203855	0	0	0	0	130	130	12345	12284	13	8	0	0	0
2014-09-28	1204082	0	0	0	0	170	170	12345	12284	9	4	0	0	0
2014-09-28	1204161	0	0	0	0	138	138	12345	12284	8	3	0	0	0
2014-09-28	1204165	0	0	0	3	227	227	12345	12284	12	7	1	0	1
2014-09-28	1204217	0	0	0	0	198	198	12345	12284	16	11	0	0	0
2014-09-28	1205351	2	2	6	1	278	278	12345	12284	27	22	0	0	0
2014-09-28	1205503	0	0	2	0	169	169	12345	12284	8.5	3.5	1	0	5
2014-09-28	1205546	0	0	0	0	128	154.67	12345	12284	8	3	0	0	0
2014-09-28	1205573	0	0	0	1	98	98	12345	12284	8	3	0	0	0
2014-09-28	1205628	0	0	0	0	108	108	12345	12284	8	3	0	0	0
2014-09-28	1205881	0	0	0	0	88	88	12345	12284	8	3	0	0	0
2014-09-28	1206446	0	0	0	0	118	118	12345	12284	11.8	6.8	0	0	0
2014-09-28	1210349	0	0	0	0	158	158	12345	12284	8	3	0	0	0
2014-09-28	1213069	0	0	0	1	90	90	12345	12284	8	3	1	0	0
2014-09-28	1213105	0	0	0	0	128	128	12345	12284	8	3	1	0	0
2014-09-28	1214254	0	0	0	0	198	198	12345	12284	10	5	0	0	0
2014-09-28	1215328	0	0	0	0	246	246	12345	12284	19	14	0	0	0
2014-09-28	1215370	0	0	0	0	368	368	12345	12284	29	24	0	0	0
2014-09-28	1215423	0	0	0	0	588	588	12345	12284	47	42	0	0	0
2014-09-28	1215443	0	0	0	0	138	178	12345	12284	11	6	0	0	0
2014-09-28	1215467	0	0	0	0	158	158	12345	12284	12	7	0	0	0
2014-09-28	1215979	0	0	0	0	108	108	12345	12284	8	3	0	0	0
2014-09-28	1216059	0	0	0	0	149	149	12345	12284	7	2	0	0	0
2014-09-28	1216115	0	0	0	0	98	98	12345	12284	10	5	0	0	0
2014-09-28	1216315	0	0	0	0	108	108	12345	12284	0	0	0	0	2
2014-09-28	1216344	0	0	0	0	88	121.33	12345	12284	7	2	0	0	0
2014-09-28	1216388	0	0	0	0	159	159	12345	12284	7.95	2.95	0	0	0
2014-09-28	1216434	0	0	0	0	199	199	12345	12284	9.95	4.95	0	0	0
2014-09-28	1216507	0	0	0	0	88	88	12345	12284	7	2	0	0	0
2014-09-28	1216839	0	0	2	8	138	138	12345	12284	7	2	0	0	1
2014-09-28	1216849	0	0	0	0	289	289	12345	12284	14.45	9.45	0	0	0
2014-09-28	1217231	0	0	1	0	88	88	12345	12284	8.8	3.8	1	0	0
2014-09-28	1217328	0	0	0	0	197	197	12345	12284	19.7	14.7	0	0	0
2014-09-28	1217368	0	0	0	0	98	98	12345	12284	10	5	0	0	0
2014-09-28	1217751	0	0	0	0	88	88	12345	12284	8	3	0	0	0
2014-09-28	1228456	0	0	0	0	99	99	12345	12284	10	5	0	0	0
2014-09-28	1232323	0	0	0	0	90	90	12345	12284	9	4	0	0	0
2014-09-28	1232560	0	0	0	3.33	139	139	12345	12284	10	5	4	0	2
2014-09-28	1232566	0	0	1	7	217	217	12345	12284	0	0	2	0	12
2014-09-28	1233151	0	0	0	2	189	189	12345	12284	19	14	0	0	1
2014-09-28	1233194	0	0	0	0	248	248	12345	12284	28	23	0	0	0
2014-09-28	1234080	0	0	0	1	148	148	12345	12284	14	9	3	0	0
2014-09-28	1234690	0	0	0	0	88	88	12345	12284	7	2	0	0	0
2014-09-28	1235677	0	0	0	0	178	178	12345	12284	9	4	3	0	0
2014-09-28	1235685	0	0	0	2	191	191	12345	12284	9	4	0	0	1
2014-09-28	1235710	0	0	0	7	199	199	12345	12284	10	5	0	0	0
2014-09-28	1235907	0	0	4	1	98	98	12345	12284	8	3	0	0	1
2014-09-28	1235986	0	0	0	0	238	238	12345	12284	23.8	18.8	0	0	0
2014-09-28	1236012	0	0	0	0	388	388	12345	12284	19.4	14.4	0	0	0
2014-09-28	1236121	0	0	0	0	109	109	12345	12284	10	5	0	0	0
2014-09-28	1236435	0	0	1	0	88	88	12345	12284	8	3	1	0	0
2014-09-28	1236441	0	0	0	0	368	368	12345	12284	18	13	0	0	0
2014-09-28	1236458	0	0	0	0	288	288	12345	12284	15	10	0	0	0
2014-09-28	1239539	0	0	2	2	115	115	12345	12284	11	6	1	0	0
2014-09-28	1241370	0	0	0	0	238	238	12345	12284	12	7	0	0	1
2014-09-28	1241849	0	0	0	0	85	85	12345	12284	8.5	3.5	0	0	0
2014-09-28	1242029	0	0	0	0	75	75	12345	12284	7.5	2.5	0	0	0
2014-09-28	1242093	0	0	0	0	60	60	12345	12284	6	1	0	0	0
2014-09-28	1243015	0	0	0	0	150	150	12345	12284	7	2	0	0	0
2014-09-28	1243346	0	0	0	0	119	119	12345	12284	11.9	6.9	0	0	0
2014-09-28	1243394	0	0	0	1	129	129	12345	12284	9	4	0	0	1
2014-09-28	1244235	0	0	0	0	208	208	12345	12284	20.8	15.8	0	0	0
2014-09-28	1245206	0	0	0	1	180	180	12345	12284	10	5	0	0	0
2014-09-28	1246299	0	0	1	2	108	108	12345	12284	20	15	0	0	1
2014-09-28	1250331	0	0	0	0	99	99	12345	12284	8	3	0	0	0
2014-09-28	1250478	0	0	0	0	218	218	12345	12284	11	6	0	0	0
2014-09-28	1251473	0	0	0	0	138	138	12345	12284	11	6	0	0	0
2014-09-28	1251675	0	0	0	1	118	118	12345	12284	6	1	0	0	0
2014-09-28	1251718	0	0	3	1	138	138	12345	12284	7	2	0	0	1
2014-09-28	1251735	0	0	0	0	158	158	12345	12284	8	3	0	0	0
2014-09-28	1251935	0	0	0	0	238	238	12345	12284	10	5	0	0	0
2014-09-28	1253789	0	0	0	0	138	138	12345	12284	8	3	0	0	0
2014-09-28	1254097	0	0	0	0	110	110	12345	12284	5.5	0.5	0	0	0
2014-09-28	1254391	0	0	0	0	128	128	12345	12284	6.4	1.4	0	0	0
2014-09-28	1255028	0	1	0	0	108	108	12345	12284	6.5	1.5	0	0	0
2014-09-28	1255159	0	0	3	6.67	97	97	12345	12284	8	3	3	0	14
2014-09-28	1255227	0	0	0	1	99	99	12345	12284	10	5	0	0	0
2014-09-28	1255236	0	0	0	0	118	118	12345	12284	7.1	2.1	0	0	0
2014-09-28	1255372	0	0	0	0	118	118	12345	12284	10	5	0	0	0
2014-09-28	1255731	0	0	0	0	248	248	12345	12284	13	8	0	0	1
2014-09-28	1255795	0	0	0	0	128	128	12345	12284	8	3	0	0	0
2014-09-28	1259793	0	0	0	0	88	88	12345	12284	8	3	0	0	0
2014-09-28	1260593	0	0	1	1	77	77	12345	12284	7	2	0	0	0
2014-09-28	1260776	0	0	0	0	228	228	12345	12284	11	6	0	0	0
2014-09-28	1260818	0	0	0	0	258	258	12345	12284	13	8	0	0	0
2014-09-28	1260902	0	0	0	0	358	358	12345	12284	38	33	0	0	0
2014-09-28	1262470	0	0	0	2	158	211.33	12345	12284	9.5	4.5	0	0	1
2014-09-28	1262606	0	0	0	0	128	174.67	12345	12284	7.7	2.7	0	0	0
2014-09-28	1262691	0	0	0	0	128	128	12345	12284	10	5	0	0	0
2014-09-28	1262979	0	0	0	0	158	211.33	12345	12284	9.5	4.5	0	0	0
2014-09-28	1264391	0	0	0	0	137	137	12345	12284	6.8	1.8	2	0	0
2014-09-28	1264465	0	0	3	6	128	128	12345	12284	12	7	13	0	2
2014-09-28	1264959	0	0	0	0	115	115	12345	12284	5.8	0.8	0	0	0
2014-09-28	1264990	0	0	0	0	108	108	12345	12284	10	5	0	0	0
2014-09-28	1265849	0	0	0	0	128	168	12345	12284	7.7	2.7	0	0	0
2014-09-28	1269706	0	0	0	1	238	231.33	12345	12284	14.3	9.3	0	0	2
2014-09-28	1270954	0	0	0	0	99	99	12345	12284	0	0	0	0	4
2014-09-28	1271034	0	0	0	0	138	138	12345	12284	8	3	0	0	1
2014-09-28	1272436	0	0	0	0	98	98	12345	12284	9	4	0	0	0
2014-09-28	1272487	0	0	0	0	158	158	12345	12284	12	7	0	0	0
2014-09-28	1272613	0	4	0	1	106	106.67	12345	12284	8	3	0	0	1
2014-09-28	1272739	0	0	0	0	188	188	12345	12284	6	1	0	0	0
2014-09-28	1272834	0	0	0	0	128	128	12345	12284	10	5	0	0	0
2014-09-28	1272853	0	0	0	0	168	168	12345	12284	15	10	0	0	0
2014-09-28	1273055	0	0	0	0	148	148	12345	12284	7	2	0	0	0
2014-09-28	1273187	0	0	0	0	118	118	12345	12284	6	1	1	0	0
2014-09-28	1273491	0	0	0	0	188	188	12345	12284	6	1	0	0	0
2014-09-28	1274098	0	0	0	2	169	169	12345	12284	8.45	3.45	2	0	0
2014-09-28	1274231	0	0	0	0	168	168	12345	12284	8.4	3.4	0	0	0
2014-09-28	1274580	0	0	0	5	145	145	12345	12284	7.25	2.25	0	0	1
2014-09-28	1274612	0	0	0	0	128	128	12345	12284	0	0	0	0	0
2014-09-28	1275238	0	0	0	0	99	99	12345	12284	0	0	0	0	0
2014-09-28	1275318	0	0	0	0	128	128	12345	12284	13	8	0	0	0
2014-09-28	1275693	0	0	0	0	100	100	12345	12284	10	5	0	0	0
2014-09-28	1291795	0	0	0	0	258	258	12345	12284	26	21	0	0	0
2014-09-28	1291796	0	0	0	0	158	158	12345	12284	12.6	7.6	0	0	0
2014-09-28	1292893	0	0	0	0	168	168	12345	12284	17	12	0	0	0
2014-09-28	1292897	0	0	0	0	238	238	12345	12284	0	0	0	0	0
2014-09-28	1293447	0	0	0	2	88	88	12345	12284	7	2	0	0	0
2014-09-28	1293532	0	0	0	0	118	118	12345	12284	6	1	0	0	0
2014-09-28	1293723	0	0	0	0	128	128	12345	12284	8	3	0	0	0
2014-09-28	1294195	0	0	0	0	88	88	12345	12284	8	3	0	0	0
2014-09-28	1294338	0	2	1	0	98	98	12345	12284	8	3	0	0	0
2014-09-28	1294581	0	0	0	0	178	178	12345	12284	9	4	0	0	0
2014-09-28	1294820	0	0	0	0	198	198	12345	12284	16	11	0	0	5
2014-09-28	1348648	0	0	0	0	88	88	12345	12284	8	3	0	0	0
2014-09-28	1348805	0	0	0	0	118	118	12345	12284	7.1	2.1	0	0	0
2014-09-28	1349521	0	0	0	1.33	138	138	12345	12284	14	9	0	0	2
2014-09-28	1349729	0	0	0	0	80	80	12345	12284	0	0	0	0	0
2014-09-28	1350060	0	0	0	0	238	238	12345	12284	24	19	0	0	0
2014-09-28	1350268	0	0	0	3	118	118	12345	12284	10	5	0	0	0
2014-09-28	1350439	0	0	0	0	198	198	12345	12284	6	1	0	0	0
2014-09-28	1351003	0	0	0	2	99	99	12345	12284	9.9	4.9	0	0	1
2014-09-28	1351128	0	0	0	0	128	128	12345	12284	10	5	0	0	0
2014-09-28	1351234	0	0	0	0	158	158	12345	12284	8	3	0	0	0
2014-09-28	1351534	0	0	0	0	198	198	12345	12284	16	11	0	0	0
2014-09-28	1352470	0	0	0	0	118	118	12345	12284	10	5	0	0	0
2014-09-28	1353371	0	0	0	0	158	158	12345	12284	15.8	10.8	0	0	0
2014-09-28	1353887	0	0	0	0	188	188	12345	12284	15.04	10.04	0	0	0
2014-09-28	1354168	0	0	0	0	338	338	12345	12284	0	0	0	0	0
2014-09-28	1354268	0	0	6	5.67	198	198	12345	12284	19	14	0	0	3
2014-09-28	1354291	0	0	0	0	68	68	12345	12284	5.4	0.4	0	0	0
2014-09-28	1354418	0	0	0	0	248	248	12345	12284	24	19	0	0	0
2014-09-28	1354459	0	0	0	0	96	96	12345	12284	6	1	0	0	0
2014-09-28	1354705	0	0	0	3	178	178	12345	12284	17.8	12.8	0	0	1
2014-09-28	1362692	0	0	1	0	139	139	12345	12284	9	4	0	0	0
2014-09-28	1363251	0	0	0	0	218	218	12345	12284	17	12	0	0	0
2014-09-28	1363365	0	0	0	0	168	168	12345	12284	8	3	0	0	0
2014-09-28	1363444	0	0	0	0	118	118	12345	12284	12	7	0	0	0
2014-09-28	1363967	0	0	0	0	68	68	12345	12284	8	3	0	0	0
2014-09-28	1364156	0	0	0	0	119	139	12345	12284	5.95	0.95	0	0	0
2014-09-28	1364342	0	0	0	3	109	129	12345	12284	7	2	0	0	0
2014-09-28	1364445	0	0	0	1	168	168	12345	12284	8	3	0	0	0
2014-09-28	1364942	0	0	0	0	108	128	12345	12284	8.7	3.7	3	0	0
2014-09-28	1365751	0	0	0	0	109	109	12345	12284	5.45	0.45	0	0	0
2014-09-28	1366492	0	0	0	0	98	98	12345	12284	9.8	4.8	0	0	0
2014-09-28	1367330	0	0	0	1.5	128	128	12345	12284	10	5	0	0	1
2014-09-28	1367455	0	0	0	0	99	99	12345	12284	9	4	0	0	0
2014-09-28	1367712	0	0	0	0	199	199	12345	12284	16	11	0	0	0
2014-09-28	1367813	0	0	0	0	128	128	12345	12284	6	1	0	0	0
2014-09-28	1367848	0	0	0	0	328	328	12345	12284	33	28	0	0	0
2014-09-28	1367919	0	0	0	0	328	328	12345	12284	33	28	0	0	0
2014-09-28	1367940	0	0	0	0	128	128	12345	12284	13	8	0	0	2
2014-09-28	1368104	0	0	0	0	120	120	12345	12284	6	1	0	0	0
2014-09-28	1368186	0	0	0	0	150	150	12345	12284	7.5	2.5	0	0	0
2014-09-28	1368829	0	0	0	0	180	180	12345	12284	9	4	0	0	0
2014-09-28	1368856	0	0	0	0	108	108	12345	12284	7	2	0	0	0
2014-09-28	1368907	0	0	0	0	158	158	12345	12284	11	6	0	0	0
2014-09-28	1369252	0	0	0	0	188	188	12345	12284	19	14	0	0	0
2014-09-28	1375159	0	0	1	1.33	150	150	12345	12284	15	10	0	0	0
2014-09-28	1375300	0	0	0	0	99	99	12345	12284	9	4	0	0	0
2014-09-28	1375497	0	0	0	0	120	120	12345	12284	12	7	0	0	0
2014-09-28	1375679	0	0	0	0	150	150	12345	12284	7	2	0	0	0
2014-09-28	1375755	0	0	0	0	168	168	12345	12284	13	8	0	0	0
2014-09-28	1375781	0	0	0	0	178	178	12345	12284	18	13	0	0	0
2014-09-28	1375796	0	0	0	0	138	138	12345	12284	11	6	0	0	0
2014-09-28	1376158	0	0	0	0	178	194.67	12345	12284	11	6	0	0	0
2014-09-28	1376246	0	0	0	0	168	178	12345	12284	11	6	0	0	0
2014-09-28	1376263	0	0	0	0	188	188	12345	12284	19	14	0	0	0
2014-09-28	1376329	0	0	0	0	268	268	12345	12284	13	8	1	0	0
2014-09-28	1376356	0	0	0	0	218	218	12345	12284	18	13	0	0	0
2014-09-28	1376546	0	0	0	0	158	158	12345	12284	8	3	0	0	0
2014-09-28	1376915	0	0	0	0	118	118	12345	12284	8	3	0	0	0
2014-09-28	1377123	0	0	0	2	118	118	12345	12284	10	5	0	0	0
2014-09-28	1377235	0	0	0	0	118	118	12345	12284	6	1	0	0	0
2014-09-28	1377370	0	0	0	0	158	158	12345	12284	7	2	0	0	0
2014-09-28	1377502	0	0	0	0	168	168	12345	12284	8	3	4	0	0
2014-09-28	1377583	0	0	0	0	188	188	12345	12284	19	14	0	0	0
2014-09-28	1377966	0	0	0	0	178	178	12345	12284	8	3	0	0	0
2014-09-28	1378115	0	0	0	0	148	148	12345	12284	8	3	0	0	1
2014-09-28	1378935	0	0	0	0	194	194	12345	12284	18	13	0	0	0
2014-09-28	1378951	0	0	0	1	150	150	12345	12284	12	7	0	0	0
2014-09-28	1379648	0	0	0	0	188	188	12345	12284	19	14	0	0	0
2014-09-28	1379772	0	0	0	0	88	88	12345	12284	8	3	0	0	0
2014-09-28	1380814	0	0	0	0	368	368	12345	12284	38	33	0	0	0
2014-09-28	1381376	0	0	0	0	108	108	12345	12284	10	5	0	0	0
2014-09-28	1381500	0	0	0	0	188	188	12345	12284	19	14	0	0	0
2014-09-28	1383740	0	0	0	0	178	204.67	12345	12284	8.9	3.9	0	0	0
2014-09-28	1387172	0	0	0	0	118	118	12345	12284	11.8	6.8	0	0	0
2014-09-28	1387453	0	0	0	0	99	99	12345	12284	10	5	0	0	0
2014-09-28	1387491	0	0	0	1	217	217	12345	12284	7	2	0	0	0
2014-09-28	1387504	0	0	0	0	158	158	12345	12284	15.8	10.8	0	0	0
2014-09-28	1387758	0	0	0	0	168	168	12345	12284	8	3	0	0	0
2014-09-28	1387895	0	0	0	0	178	178	12345	12284	17.8	12.8	0	0	0
2014-09-28	1388090	0	0	0	0	88	101.33	12345	12284	8	3	0	0	0
2014-09-28	1389039	0	0	0	0	99	99	12345	12284	6	1	0	0	0
2014-09-28	1389081	0	0	0	0	109	109	12345	12284	6	1	0	0	0
2014-09-28	1389099	0	0	0	0	109	109	12345	12284	5.45	0.45	0	0	0
2014-09-28	1389197	0	0	0	0	168	168	12345	12284	12	7	0	0	0
2014-09-28	1389375	0	0	0	0	98	98	12345	12284	9	4	0	0	0
2014-09-28	1389441	0	0	0	0	118	118	12345	12284	6	1	0	0	0
2014-09-28	1389460	0	0	0	3.67	129	129	12345	12284	9	4	0	0	5
2014-09-28	1389705	0	0	0	3	68	68	12345	12284	6.8	1.8	0	0	0
2014-09-28	1389912	0	0	0	5	45	45	12345	12284	7	2	0	0	0
2014-09-28	1391175	0	0	0	0	139	139	12345	12284	6.95	1.95	0	0	0
2014-09-28	1391359	0	0	3	2	177	177	12345	12284	11	6	1	0	0
2014-09-28	1391409	0	0	0	1	217	217	12345	12284	13	8	0	0	0
2014-09-28	1391418	0	0	1	0	217	217	12345	12284	13	8	0	0	0
2014-09-28	1391884	0	0	0	0	88	88	12345	12284	7	2	0	0	0
2014-09-28	1391919	0	0	0	0	160	160	12345	12284	16	11	0	0	1
2014-09-28	1392023	0	0	0	0	118	118	12345	12284	6	1	0	0	0
2014-09-28	1392075	0	0	3	1.33	128	128	12345	12284	12.8	7.8	1	0	0
2014-09-28	1403861	0	0	0	0	120	120	12345	12284	10	5	0	0	0
2014-09-28	1403875	0	0	0	0	150	150	12345	12284	12	7	0	0	0
2014-09-28	1404142	0	0	0	0	118	118	12345	12284	11	6	0	0	0
2014-09-28	1404459	0	0	0	0	88	88	12345	12284	7	2	0	0	0
2014-09-28	1404685	0	0	0	0	119	119	12345	12284	5.95	0.95	0	0	0
2014-09-28	1404746	0	0	0	0	298	98	12345	12284	18	13	0	0	0
2014-09-28	1404864	0	0	0	0	79	79	12345	12284	6	1	0	0	0
2014-09-28	1405453	0	0	0	0	138	138	12345	12284	7	2	0	0	0
2014-09-28	1409920	0	0	0	0	138	138	12345	12284	8.3	3.3	0	0	0
2014-09-28	1410057	0	2	0	0	120	120	12345	12284	10	5	0	0	0
2014-09-28	1411120	0	0	0	0	399	399	12345	12284	20	15	0	0	0
2014-09-28	1417683	0	0	0	0	108	108	12345	12284	8	3	0	0	0
2014-09-28	1417749	0	0	0	0	228	228	12345	12284	23	18	0	0	0
2014-09-28	1417833	0	0	0	0	139	139	12345	12284	8	3	0	0	0
2014-09-28	1417914	0	0	0	0	238	238	12345	12284	7	2	0	0	0
2014-09-28	1418180	0	0	0	0	293	293	12345	12284	9	4	0	0	0
2014-09-28	1418327	0	0	0	0	78	78	12345	12284	8	3	0	0	0
2014-09-28	1418619	0	0	0	0	168	154.67	12345	12284	10	5	0	0	0
2014-09-28	1418661	0	0	0	0	148	134.67	12345	12284	9	4	0	0	0
2014-09-28	1418704	0	0	0	0	158	151.33	12345	12284	9	4	1	0	0
2014-09-28	1418845	0	0	0	0	158	158	12345	12284	8	3	0	0	0
2014-09-28	1419024	0	0	0	0	138	138	12345	12284	7	2	0	0	0
2014-09-28	1419171	0	0	0	0	98	98	12345	12284	10	5	0	0	0
2014-09-28	1419613	0	0	0	3	148	148	12345	12284	14	9	0	0	0
2014-09-28	1419967	0	0	0	0	228	228	12345	12284	7	2	0	0	0
2014-09-28	1420492	0	0	0	0	80	80	12345	12284	8	3	0	0	0
2014-09-28	1420875	0	0	0	0	80	80	12345	12284	8	3	0	0	0
2014-09-28	1421091	0	0	0	0	100	100	12345	12284	10	5	0	0	0
2014-09-28	1421284	0	0	0	2	107	107	12345	12284	7	2	2	0	1
2014-09-28	1421562	0	0	0	2	158	158	12345	12284	8	3	0	0	2
2014-09-28	1421764	0	0	0	0	120	120	12345	12284	10	5	0	0	0
2014-09-28	1422017	0	0	0	0	188	188	12345	12284	10	5	0	0	0
2014-09-28	1422360	0	0	0	0	157	157	12345	12284	6	1	0	0	0
2014-09-28	1422368	0	0	0	0	207	207	12345	12284	16.56	11.56	0	0	2
2014-09-28	1422512	0	0	0	1	108	107.67	12345	12284	10.8	5.8	0	0	0
2014-09-28	1422572	0	0	0	1.5	137	137	12345	12284	6	1	5	0	0
2014-09-28	1423210	0	0	0	1	119	119	12345	12284	6	1	0	0	1
2014-09-28	1423520	0	0	0	0	129	129	12345	12284	6	1	0	0	0
2014-09-28	1428294	0	0	0	0	249	232.33	12345	12284	12	7	0	0	0
2014-09-28	1429141	0	0	0	0	120	120	12345	12284	12	7	0	0	0
2014-09-28	1429442	0	0	0	0	108	108	12345	12284	8	3	0	0	0
2014-09-28	1429656	0	0	0	0	128	128	12345	12284	10	5	0	0	1
2014-09-28	1430783	0	0	0	0	148	148	12345	12284	7	2	0	0	0
2014-09-28	1431335	0	0	0	2	198	198	12345	12284	15.8	10.8	0	0	0
2014-09-28	1433280	0	0	0	0	139	139	12345	12284	12	7	0	0	0
2014-09-28	1434192	0	0	0	0	168	168	12345	12284	8	3	0	0	0
2014-09-28	1434680	0	0	0	0	318	318	12345	12284	6	1	0	0	0
2014-09-28	1439637	0	0	0	0	138	138	12345	12284	7	2	0	0	0
2014-09-28	1439752	0	0	0	2	129	129	12345	12284	6	1	0	0	0
2014-09-28	1440093	0	0	0	0	78	78	12345	12284	8	3	0	0	0
2014-09-28	1441314	0	0	0	0	208	208	12345	12284	10	5	0	0	0
2014-09-28	1441565	0	0	0	0	208	208	12345	12284	50	45	0	0	0
2014-09-28	1441759	0	0	0	1	159	129	12345	12284	13	8	0	0	0
2014-09-28	1442929	0	0	0	0	360	360	12345	12284	32	27	0	0	0
2014-09-28	1444358	0	0	3	4	88	88	12345	12284	8	3	1	0	0
2014-09-28	1445235	0	0	0	1	298	298	12345	12284	30	25	0	0	0
2014-09-28	1445332	0	0	0	0	168	168	12345	12284	0	0	0	0	0
2014-09-28	1445871	0	0	0	0	118	118	12345	12284	6	1	0	0	0
2014-09-28	1445873	0	0	0	0	65	65	12345	12284	5.85	0.85	0	0	0
2014-09-28	1445877	0	0	0	1	60	60	12345	12284	5.4	0.4	0	0	0
2014-09-28	1446029	0	0	0	0	139	139	12345	12284	9.73	4.73	0	0	0
2014-09-28	1446055	0	0	0	0	99	99	12345	12284	7	2	0	0	0
2014-09-28	1446071	0	0	0	1	68	68	12345	12284	7	2	0	0	1
2014-09-28	1446371	0	0	0	0	168	188	12345	12284	11	6	0	0	0
2014-09-28	1453623	0	0	0	0	118	118	12345	12284	9	4	0	0	0
2014-09-28	1453870	0	0	1	0	138	138	12345	12284	12	7	0	0	0
2014-09-28	1454447	0	0	0	0	148	148	12345	12284	11	6	0	0	0
2014-09-28	1454459	0	0	0	0	119	119	12345	12284	5.95	0.95	0	0	0
2014-09-28	1454803	0	0	0	0	138	138	12345	12284	11	6	0	0	0
2014-09-28	1455125	0	0	0	0	179	179	12345	12284	9	4	0	0	0
2014-09-28	1456046	0	0	0	0	97	97	12345	12284	7	2	0	0	0
2014-09-28	1456613	0	0	1	2	178	178	12345	12284	9	4	0	0	2
2014-09-28	1456865	0	0	0	0	148	148	12345	12284	15	10	0	0	0
2014-09-28	1456910	0	0	0	0	168	168	12345	12284	17	12	0	0	0
2014-09-28	1457046	0	0	0	0	179	179	12345	12284	18	13	0	0	0
2014-09-28	1458845	0	0	0	0	99	99	12345	12284	9	4	0	0	0
2014-09-28	1459283	0	0	0	1.33	228	228	12345	12284	28	23	0	0	1
2014-09-28	1459331	0	0	0	0	159	192.33	12345	12284	10	5	0	0	0
2014-09-28	1459437	0	0	0	0	168	168	12345	12284	8.4	3.4	0	0	0
2014-09-28	1459566	0	0	0	0	158	158	12345	12284	7.9	2.9	6	0	0
2014-09-28	1459864	0	0	0	0	138	138	12345	12284	8	3	0	0	0
2014-09-28	1459874	0	0	0	0	119	112.33	12345	12284	11	6	0	0	0
2014-09-28	1465438	0	0	0	0	138	138	12345	12284	6.9	1.9	0	0	0
2014-09-28	1465605	0	0	0	2	187	187	12345	12284	9.4	4.4	0	0	1
2014-09-28	1465669	0	0	2	2.5	167	167	12345	12284	8.4	3.4	0	0	0
2014-09-28	1465819	0	0	0	0	161	161	12345	12284	19	14	0	0	0
2014-09-28	1466370	0	0	0	0	115	115	12345	12284	9	4	0	0	0
2014-09-28	1466989	0	0	0	0	158	158	12345	12284	13	8	0	0	0
2014-09-28	1467589	0	0	0	3	258	258	12345	12284	18	13	0	0	0
2014-09-28	1467812	0	0	0	0	128	128	12345	12284	10	5	0	0	0
2014-09-28	1467916	0	0	0	0	108	108	12345	12284	6.5	1.5	0	0	0
2014-09-28	1467923	0	0	0	0	118	118	12345	12284	7	2	0	0	0
2014-09-28	1467939	0	0	0	0	228	228	12345	12284	13.7	8.7	0	0	0
2014-09-28	1468412	0	0	0	0	185	185	12345	12284	5.5	0.5	0	0	0
2014-09-28	1468425	0	0	0	0	168	168	12345	12284	10	5	0	0	0
2014-09-28	1469254	0	0	0	0	129	129	12345	12284	6	1	11	0	0
2014-09-28	1469412	0	0	0	0	78	78	12345	12284	6	1	0	0	0
2014-09-28	1469528	0	0	0	0	248	238	12345	12284	33.6	28.6	0	0	0
2014-09-28	1469621	0	0	0	0	218	208	12345	12284	27.6	22.6	0	0	0
2014-09-28	1469638	0	0	0	0	178	188	12345	12284	19.6	14.6	0	0	0
2014-09-28	1469765	0	0	0	0	98	128	12345	12284	8	3	0	0	0
2014-09-28	1469886	0	0	0	0	266	266	12345	12284	26	21	0	0	0
2014-09-28	1469901	0	0	0	0	228	228	12345	12284	23	18	0	0	0
2014-09-28	1469971	0	0	0	0	118	118	12345	12284	10.6	5.6	0	0	0
2014-09-28	1470009	0	0	0	0	108	108	12345	12284	9.8	4.8	0	0	0
2014-09-28	1475052	0	0	0	0	68	68	12345	12284	5.5	0.5	0	0	0
2014-09-28	1475053	0	0	0	0	128	128	12345	12284	10	5	0	0	0
2014-09-28	1475066	0	0	0	0	98	98	12345	12284	7.9	2.9	0	0	0
2014-09-28	1475137	0	0	0	0	327	327	12345	12284	16	11	0	0	0
2014-09-28	1475293	0	0	0	1	158	158	12345	12284	9	4	0	0	0
2014-09-28	1477280	0	0	0	0	198	198	12345	12284	8	3	0	0	0
2014-09-28	1477302	0	0	0	0	168	168	12345	12284	8	3	0	0	0
2014-09-28	1477746	0	0	0	0	118	118	12345	12284	10	5	0	0	0
2014-09-28	1477761	0	0	0	0	60	60	12345	12284	6	1	0	0	0
2014-09-28	1477869	0	0	0	0	88	88	12345	12284	8	3	0	0	0
2014-09-28	1477904	0	0	0	0	98	98	12345	12284	10	5	0	0	0
2014-09-28	1477905	0	0	0	0	138	138	12345	12284	10	5	0	0	0
2014-09-28	1480049	0	0	0	2	158	144.67	12345	12284	18	13	0	0	0
2014-09-28	1480328	0	0	0	0	198	171.33	12345	12284	18	13	0	0	0
2014-09-28	1480481	0	0	0	1	160	160	12345	12284	13	8	1	0	0
2014-09-28	1480775	0	0	0	0	90	90	12345	12284	9	4	0	0	0
2014-09-28	1481960	0	0	0	0	328	328	12345	12284	13.12	8.12	0	0	0
2014-09-28	1482845	0	0	2	1	208	228	12345	12284	12.48	7.48	0	0	2
2014-09-28	1482870	0	0	0	0	158	158	12345	12284	7.9	2.9	0	0	0
2014-09-28	1483469	0	0	0	1	118	118	12345	12284	6	1	0	0	0
2014-09-28	1483584	0	0	0	0	148	148	12345	12284	13	8	0	0	0
2014-09-28	1483875	0	0	0	1	139	139	12345	12284	7	2	0	0	0
2014-09-28	1484020	0	0	0	0	149	149	12345	12284	7	2	0	0	0
2014-09-28	1484078	0	0	0	0	169	169	12345	12284	8	3	0	0	0
2014-09-28	1484098	0	0	3	2	109	109	12345	12284	11	6	0	0	0
2014-09-28	1484372	0	0	0	1	128	121.33	12345	12284	10	5	0	0	0
2014-09-28	1485265	0	0	0	0	219	219	12345	12284	21	16	0	0	0
2014-09-28	1489970	0	0	2	0	128	128	12345	12284	6.5	1.5	0	0	0
2014-09-28	1490982	0	0	2	4.67	109	109	12345	12284	11	6	0	0	1
2014-09-28	1491628	0	0	0	2	190	190	12345	12284	11	6	0	0	2
2014-09-28	1491960	1	0	1	0	138	151.33	12345	12284	11	6	0	0	0
2014-09-28	1492027	0	0	0	0	110	110	12345	12284	11	6	0	0	0
2014-09-28	1494173	0	0	0	0	199	199	12345	12284	11.94	6.94	0	0	0
2014-09-28	1494212	0	0	0	0	139	139	12345	12284	8.34	3.34	0	0	0
2014-09-28	1500658	0	0	0	0	218	218	12345	12284	11	6	0	0	0
2014-09-28	1500946	0	0	0	0	356	356	12345	12284	17.8	12.8	0	0	0
2014-09-28	1502348	0	0	0	0	278	278	12345	12284	23	18	0	0	0
2014-09-28	1503566	0	0	0	0	128	128	12345	12284	8	3	0	0	0
2014-09-28	1503588	0	0	3	1	217	217	12345	12284	10.85	5.85	1	0	0
2014-09-28	1503720	0	0	0	0	138	138	12345	12284	13.8	8.8	0	0	0
2014-09-28	1503826	0	0	0	0	138	138	12345	12284	13.8	8.8	0	0	0
2014-09-28	1503839	0	0	0	0	128	128	12345	12284	7.7	2.7	0	0	0
2014-09-28	1504131	0	0	0	0	128	128	12345	12284	12.8	7.8	1	0	0
2014-09-28	1504229	0	0	0	4	128	128	12345	12284	10	5	0	0	0
2014-09-28	1505054	0	0	0	0	107	107	12345	12284	8	3	0	0	0
2014-09-28	1511741	0	0	0	1	198	171.33	12345	12284	18	13	0	0	0
2014-09-28	1512575	0	0	0	0	150	150	12345	12284	8	3	0	0	0
2014-09-28	1513637	0	0	0	0	99	99	12345	12284	9	4	0	0	0
2014-09-28	1514547	0	0	0	0	188	181.33	12345	12284	10	5	0	0	0
2014-09-28	1515759	0	0	0	0	148	148	12345	12284	7	2	0	0	0
2014-09-28	1515805	0	0	0	0	139	139	12345	12284	6.95	1.95	0	0	0
2014-09-28	1516753	0	0	1	3	129	129	12345	12284	13	8	4	0	0
2014-09-28	1516941	0	0	0	0	128	128	12345	12284	9	4	0	0	0
2014-09-28	1522296	0	0	0	0	158	158	12345	12284	15.8	10.8	0	0	0
2014-09-28	1523530	0	0	2	1.5	128	128	12345	12284	10	5	0	0	0
2014-09-28	1526063	0	0	0	0	168	168	12345	12284	14	9	0	0	0
2014-09-28	1526326	0	0	0	0	168	168	12345	12284	7	2	0	0	0
2014-09-28	1527206	0	0	0	0	118	118	12345	12284	9	4	0	0	0
2014-09-28	1527347	0	0	0	0	128	128	12345	12284	9	4	0	0	0
2014-09-28	1527649	0	0	0	0	148	148	12345	12284	7.4	2.4	0	0	0
2014-09-28	1527744	0	0	0	0	278	278	12345	12284	9	4	0	0	0
2014-09-28	1527978	0	0	0	2	148	148	12345	12284	15	10	0	0	0
2014-09-28	1528079	0	0	0	0	168	168	12345	12284	17	12	0	0	0
2014-09-28	1528142	0	0	0	1	198	198	12345	12284	10	5	0	0	0
2014-09-28	1532994	0	0	0	0	100	100	12345	12284	8	3	0	0	0
2014-09-28	1533219	0	0	0	0	168	168	12345	12284	8.4	3.4	0	0	0
2014-09-28	1533233	0	0	0	0	178	178	12345	12284	8.9	3.9	0	0	0
2014-09-28	1533248	0	0	0	0	268	268	12345	12284	13.4	8.4	0	0	0
2014-09-28	1533544	0	0	1	2	140	140	12345	12284	10	5	1	0	0
2014-09-28	1533613	0	0	0	0	268	268	12345	12284	21	16	0	0	0
2014-09-28	1533795	0	0	0	0	256	256	12345	12284	11	6	0	0	0
2014-09-28	1533889	0	0	3	2.67	119	145.67	12345	12284	6	1	1	0	0
2014-09-28	1534047	0	0	0	0	127	140.33	12345	12284	6.35	1.35	0	0	0
2014-09-28	1534114	0	0	0	0	128	128	12345	12284	10	5	0	0	0
2014-09-28	1534237	0	0	0	0	168	168	12345	12284	8.4	3.4	0	0	0
2014-09-28	1534702	0	0	0	0	109	109	12345	12284	9	4	0	0	0
2014-09-28	1534707	0	0	0	0	99	99	12345	12284	9	4	0	0	0
2014-09-28	1535460	0	0	0	0	158	158	12345	12284	15.8	10.8	0	0	0
2014-09-28	1535470	0	0	0	0	78	78	12345	12284	6	1	0	0	0
2014-09-28	1537930	0	0	0	0	178	176.67	12345	12284	11	6	0	0	0
2014-09-28	1537955	0	0	0	0	135	133.67	12345	12284	9	4	0	0	0
2014-09-28	1537962	0	0	0	0	148	146.67	12345	12284	10	5	0	0	0
2014-09-28	1538368	0	0	7	4	157	157	12345	12284	6	1	4	0	0
2014-09-28	1538374	0	0	1	2	187	187	12345	12284	6	1	1	0	0
2014-09-28	1538450	0	0	0	0	108	108	12345	12284	9	4	0	0	0
2014-09-28	1538655	0	0	0	1	128	128	12345	12284	6	1	0	0	0
2014-09-28	1538750	0	0	0	0	188	188	12345	12284	9	4	0	0	0
2014-09-28	1541464	0	0	1	2	219	219	12345	12284	21.9	16.9	0	0	0
2014-09-28	1542460	0	0	0	0	149	149	12345	12284	14	9	0	0	0
2014-09-28	1547070	0	0	0	0	109	109	12345	12284	9	4	0	0	0
2014-09-28	1547166	0	0	0	0	69	69	12345	12284	5.6	0.6	0	0	0
2014-09-28	1552307	0	0	0	0	108	198	12345	12284	11	6	0	0	0
2014-09-28	1552335	0	0	0	0	218	218	12345	12284	10	5	0	0	0
2014-09-28	1552427	0	0	0	1	158	158	12345	12284	15.8	10.8	1	0	0
2014-09-28	1552521	0	0	0	0	208	208	12345	12284	20.8	15.8	0	0	0
2014-09-28	1552724	0	0	1	1	138	138	12345	12284	11	6	0	0	0
2014-09-28	1552911	0	0	0	0	188	188	12345	12284	10	5	0	0	0
2014-09-28	1553277	0	0	0	0	158	158	12345	12284	15	10	0	0	0
2014-09-28	1553657	0	0	0	0	118.9	118.9	12345	12284	9.9	4.9	0	0	0
2014-09-28	1555750	0	0	0	0	98	98	12345	12284	8	3	0	0	0
2014-09-28	1557379	0	0	0	0	188	188	12345	12284	18.8	13.8	0	0	0
2014-09-28	1558621	0	0	0	0	98	98	12345	12284	8	3	0	0	0
2014-09-28	1563820	0	0	1	0	128	141.33	12345	12284	10	5	0	0	0
2014-09-28	1565797	0	0	0	0	258	258	12345	12284	25.8	20.8	2	0	0
2014-09-28	1565914	0	0	0	0	138	138	12345	12284	14	9	0	0	0
2014-09-28	1566040	0	0	0	0	129	129	12345	12284	7	2	2	0	0
2014-09-28	1568935	0	0	0	2	168	168	12345	12284	8	3	0	0	0
2014-09-28	1568990	0	0	0	0	158	158	12345	12284	15.8	10.8	0	0	0
2014-09-28	1569069	0	0	2	1	139	139	12345	12284	8	3	0	0	0
2014-09-28	1572360	0	0	0	0	128	128	12345	12284	12.8	7.8	0	0	0
2014-09-28	1574431	0	0	0	1.5	128	128	12345	12284	10	5	1	0	0
2014-09-28	1575364	0	0	0	0	129	129	12345	12284	12.9	7.9	0	0	0
2014-09-28	1575423	0	0	0	0	159	159	12345	12284	15.9	10.9	0	0	0
2014-09-28	1575453	0	0	0	0	78	78	12345	12284	7.8	2.8	0	0	0
2014-09-28	1576267	0	0	0	0	99	99	12345	12284	6	1	0	0	0
2014-09-28	1577156	0	0	0	0	208	208	12345	12284	21	16	0	0	0
2014-09-28	1577175	0	0	0	0	168	168	12345	12284	17	12	0	0	0
2014-09-28	1667899	0	0	0	1	118	118	12345	12284	6	1	0	0	0
2014-09-28	1688166	0	0	0	0	99	0	12345	12284	10	5	0	0	0
2014-09-28	1688219	0	0	0	0	139	0	12345	12284	14	9	0	0	0
